rho_max 1
omega_r 0
Eigevectors
   0.1214   0.2310   0.3225  -0.3880  -0.4221  -0.4220  -0.3877  -0.3220   0.2300  -0.1188
   0.2328   0.3881   0.4216  -0.3213  -0.1190   0.1212   0.3232   0.4226  -0.3876   0.2283
   0.3248   0.4210   0.2286   0.1218   0.3885   0.3872   0.1184  -0.2325   0.4231  -0.3197
   0.3899   0.3194  -0.1227   0.4223   0.2288  -0.2323  -0.4218  -0.1176  -0.3250   0.3858
   0.4230   0.1159  -0.3890   0.2283  -0.3238  -0.3207   0.2327   0.3867   0.1243  -0.4211
   0.4215  -0.1245  -0.3865  -0.2328  -0.3206   0.3239   0.2282  -0.3892   0.1157   0.4226
   0.3859  -0.3254  -0.1170  -0.4217   0.2326   0.2284  -0.4224   0.1232  -0.3191  -0.3898
   0.3195  -0.4232   0.2331  -0.1178   0.3870  -0.3888   0.1224   0.2279   0.4209   0.3250
   0.2278  -0.3873   0.4227   0.3236  -0.1218  -0.1184   0.3209  -0.4214  -0.3884  -0.2332
   0.1185  -0.2297   0.3218   0.3876  -0.4220   0.4221  -0.3881   0.3227   0.2314   0.1218

