rho_max 1
omega_r 0.01
Eigevectors
   0.1064  -0.2168  -0.3115  -0.3810  -0.4195   0.4238  -0.3939   0.3325   0.2444  -0.1360
   0.2117  -0.3790  -0.4276  -0.3400  -0.1448  -0.0949   0.3031  -0.4146  -0.3952   0.2513
   0.3053  -0.4287  -0.2561   0.0931   0.3760  -0.3982   0.1469   0.2033   0.4126  -0.3401
   0.3775  -0.3444   0.0917   0.4174   0.2519   0.2082  -0.4251   0.1487  -0.2971   0.3979
   0.4202  -0.1500   0.3756   0.2509  -0.3062   0.3374   0.2092  -0.3989   0.0880  -0.4227
   0.4284   0.0930   0.3967  -0.2119  -0.3354  -0.3084   0.2489   0.3777   0.1483   0.4141
   0.3999   0.3056   0.1388  -0.4238   0.2158  -0.2450  -0.4196  -0.1007  -0.3391  -0.3743
   0.3363   0.4175  -0.2169  -0.1333   0.3931   0.3823   0.1067  -0.2443   0.4265   0.3069
   0.2427   0.3911  -0.4193   0.3155  -0.1113   0.1289   0.3290   0.4247  -0.3845  -0.2174
   0.1272   0.2347  -0.3248   0.3893  -0.4225  -0.4216  -0.3864  -0.3197   0.2263   0.1126

