rho_max 10.8171
omega_r 0
Eigevectors
   9.9950e-01  -3.1519e-02   2.2396e-04   6.7310e-07   1.1060e-09
   3.1518e-02   9.9932e-01  -1.8929e-02  -1.0666e-04  -2.8043e-07
   3.7282e-04   1.8926e-02   9.9973e-01   1.3522e-02   6.2216e-05
   2.3523e-06   1.4932e-04   1.3521e-02  -9.9985e-01  -1.0517e-02
   9.2766e-09   6.7309e-07   7.9996e-05  -1.0516e-02   9.9994e-01

