Eigevectors
  -1.2191e-02  -2.4336e-02   3.6388e-02   4.8302e-02  -6.0033e-02  -7.1537e-02   8.2768e-02   9.3686e-02  -1.0425e-01  -1.1442e-01   1.2415e-01   1.3341e-01  -1.4217e-01  -1.5038e-01   1.5803e-01   1.6508e-01  -1.7150e-01  -1.7727e-01   1.8237e-01   1.8677e-01  -1.9047e-01  -1.9344e-01   1.9569e-01   1.9718e-01  -1.9794e-01  -1.9794e-01   1.9718e-01   1.9569e-01  -1.9344e-01  -1.9047e-01   1.8677e-01   1.8237e-01  -1.7727e-01  -1.7150e-01   1.6508e-01   1.5803e-01  -1.5038e-01  -1.4217e-01   1.3341e-01   1.2415e-01  -1.1442e-01  -1.0425e-01   9.3686e-02   8.2768e-02  -7.1537e-02  -6.0033e-02   4.8302e-02   3.6388e-02   2.4336e-02  -1.2191e-02
  -2.4336e-02  -4.8302e-02   7.1537e-02   9.3686e-02  -1.1442e-01  -1.3341e-01   1.5038e-01   1.6508e-01  -1.7727e-01  -1.8677e-01   1.9344e-01   1.9718e-01  -1.9794e-01  -1.9569e-01   1.9047e-01   1.8237e-01  -1.7150e-01  -1.5803e-01   1.4217e-01   1.2415e-01  -1.0425e-01  -8.2768e-02   6.0033e-02   3.6388e-02  -1.2191e-02   1.2191e-02  -3.6388e-02  -6.0033e-02   8.2768e-02   1.0425e-01  -1.2415e-01  -1.4217e-01   1.5803e-01   1.7150e-01  -1.8237e-01  -1.9047e-01   1.9569e-01   1.9794e-01  -1.9718e-01  -1.9344e-01   1.8677e-01   1.7727e-01  -1.6508e-01  -1.5038e-01   1.3341e-01   1.1442e-01  -9.3686e-02  -7.1537e-02  -4.8302e-02   2.4336e-02
  -3.6388e-02  -7.1537e-02   1.0425e-01   1.3341e-01  -1.5803e-01  -1.7727e-01   1.9047e-01   1.9718e-01  -1.9718e-01  -1.9047e-01   1.7727e-01   1.5803e-01  -1.3341e-01  -1.0425e-01   7.1537e-02   3.6388e-02   1.5973e-16   3.6388e-02  -7.1537e-02  -1.0425e-01   1.3341e-01   1.5803e-01  -1.7727e-01  -1.9047e-01   1.9718e-01   1.9718e-01  -1.9047e-01  -1.7727e-01   1.5803e-01   1.3341e-01  -1.0425e-01  -7.1537e-02   3.6388e-02  -1.4148e-16   3.6388e-02   7.1537e-02  -1.0425e-01  -1.3341e-01   1.5803e-01   1.7727e-01  -1.9047e-01  -1.9718e-01   1.9718e-01   1.9047e-01  -1.7727e-01  -1.5803e-01   1.3341e-01   1.0425e-01   7.1537e-02  -3.6388e-02
  -4.8302e-02  -9.3686e-02   1.3341e-01   1.6508e-01  -1.8677e-01  -1.9718e-01   1.9569e-01   1.8237e-01  -1.5803e-01  -1.2415e-01   8.2768e-02   3.6388e-02   1.2191e-02   6.0033e-02  -1.0425e-01  -1.4217e-01   1.7150e-01   1.9047e-01  -1.9794e-01  -1.9344e-01   1.7727e-01   1.5038e-01  -1.1442e-01  -7.1537e-02   2.4336e-02  -2.4336e-02   7.1537e-02   1.1442e-01  -1.5038e-01  -1.7727e-01   1.9344e-01   1.9794e-01  -1.9047e-01  -1.7150e-01   1.4217e-01   1.0425e-01  -6.0033e-02  -1.2191e-02  -3.6388e-02  -8.2768e-02   1.2415e-01   1.5803e-01  -1.8237e-01  -1.9569e-01   1.9718e-01   1.8677e-01  -1.6508e-01  -1.3341e-01  -9.3686e-02   4.8302e-02
  -6.0033e-02  -1.1442e-01   1.5803e-01   1.8677e-01  -1.9794e-01  -1.9047e-01   1.6508e-01   1.2415e-01  -7.1537e-02  -1.2191e-02  -4.8302e-02  -1.0425e-01   1.5038e-01   1.8237e-01  -1.9718e-01  -1.9344e-01   1.7150e-01   1.3341e-01  -8.2768e-02  -2.4336e-02  -3.6388e-02  -9.3686e-02   1.4217e-01   1.7727e-01  -1.9569e-01  -1.9569e-01   1.7727e-01   1.4217e-01  -9.3686e-02  -3.6388e-02  -2.4336e-02  -8.2768e-02   1.3341e-01   1.7150e-01  -1.9344e-01  -1.9718e-01   1.8237e-01   1.5038e-01  -1.0425e-01  -4.8302e-02  -1.2191e-02  -7.1537e-02   1.2415e-01   1.6508e-01  -1.9047e-01  -1.9794e-01   1.8677e-01   1.5803e-01   1.1442e-01  -6.0033e-02
  -7.1537e-02  -1.3341e-01   1.7727e-01   1.9718e-01  -1.9047e-01  -1.5803e-01   1.0425e-01   3.6388e-02   3.6388e-02   1.0425e-01  -1.5803e-01  -1.9047e-01   1.9718e-01   1.7727e-01  -1.3341e-01  -7.1537e-02   8.1689e-17  -7.1537e-02   1.3341e-01   1.7727e-01  -1.9718e-01  -1.9047e-01   1.5803e-01   1.0425e-01  -3.6388e-02   3.6388e-02  -1.0425e-01  -1.5803e-01   1.9047e-01   1.9718e-01  -1.7727e-01  -1.3341e-01   7.1537e-02  -8.0627e-16   7.1537e-02   1.3341e-01  -1.7727e-01  -1.9718e-01   1.9047e-01   1.5803e-01  -1.0425e-01  -3.6388e-02  -3.6388e-02  -1.0425e-01   1.5803e-01   1.9047e-01  -1.9718e-01  -1.7727e-01  -1.3341e-01   7.1537e-02
  -8.2768e-02  -1.5038e-01   1.9047e-01   1.9569e-01  -1.6508e-01  -1.0425e-01   2.4336e-02  -6.0033e-02   1.3341e-01   1.8237e-01  -1.9794e-01  -1.7727e-01   1.2415e-01   4.8302e-02   3.6388e-02   1.1442e-01  -1.7150e-01  -1.9718e-01   1.8677e-01   1.4217e-01  -7.1537e-02   1.2191e-02  -9.3686e-02  -1.5803e-01   1.9344e-01   1.9344e-01  -1.5803e-01  -9.3686e-02   1.2191e-02  -7.1537e-02   1.4217e-01   1.8677e-01  -1.9718e-01  -1.7150e-01   1.1442e-01   3.6388e-02   4.8302e-02   1.2415e-01  -1.7727e-01  -1.9794e-01   1.8237e-01   1.3341e-01  -6.0033e-02   2.4336e-02  -1.0425e-01  -1.6508e-01   1.9569e-01   1.9047e-01   1.5038e-01  -8.2768e-02
  -9.3686e-02  -1.6508e-01   1.9718e-01   1.8237e-01  -1.2415e-01  -3.6388e-02  -6.0033e-02  -1.4217e-01   1.9047e-01   1.9344e-01  -1.5038e-01  -7.1537e-02  -2.4336e-02  -1.1442e-01   1.7727e-01   1.9794e-01  -1.7150e-01  -1.0425e-01   1.2191e-02  -8.2768e-02   1.5803e-01   1.9569e-01  -1.8677e-01  -1.3341e-01   4.8302e-02  -4.8302e-02   1.3341e-01   1.8677e-01  -1.9569e-01  -1.5803e-01   8.2768e-02  -1.2191e-02   1.0425e-01   1.7150e-01  -1.9794e-01  -1.7727e-01   1.1442e-01   2.4336e-02   7.1537e-02   1.5038e-01  -1.9344e-01  -1.9047e-01   1.4217e-01   6.0033e-02   3.6388e-02   1.2415e-01  -1.8237e-01  -1.9718e-01  -1.6508e-01   9.3686e-02
  -1.0425e-01  -1.7727e-01   1.9718e-01   1.5803e-01  -7.1537e-02   3.6388e-02  -1.3341e-01  -1.9047e-01   1.9047e-01   1.3341e-01  -3.6388e-02   7.1537e-02  -1.5803e-01  -1.9718e-01   1.7727e-01   1.0425e-01   8.4840e-16   1.0425e-01  -1.7727e-01  -1.9718e-01   1.5803e-01   7.1537e-02   3.6388e-02   1.3341e-01  -1.9047e-01  -1.9047e-01   1.3341e-01   3.6388e-02   7.1537e-02   1.5803e-01  -1.9718e-01  -1.7727e-01   1.0425e-01  -8.4566e-17   1.0425e-01   1.7727e-01  -1.9718e-01  -1.5803e-01   7.1537e-02  -3.6388e-02   1.3341e-01   1.9047e-01  -1.9047e-01  -1.3341e-01   3.6388e-02  -7.1537e-02   1.5803e-01   1.9718e-01   1.7727e-01  -1.0425e-01
  -1.1442e-01  -1.8677e-01   1.9047e-01   1.2415e-01  -1.2191e-02   1.0425e-01  -1.8237e-01  -1.9344e-01   1.3341e-01   2.4336e-02   9.3686e-02   1.7727e-01  -1.9569e-01  -1.4217e-01   3.6388e-02  -8.2768e-02   1.7150e-01   1.9718e-01  -1.5038e-01  -4.8302e-02  -7.1537e-02  -1.6508e-01   1.9794e-01   1.5803e-01  -6.0033e-02   6.0033e-02  -1.5803e-01  -1.9794e-01   1.6508e-01   7.1537e-02   4.8302e-02   1.5038e-01  -1.9718e-01  -1.7150e-01   8.2768e-02  -3.6388e-02   1.4217e-01   1.9569e-01  -1.7727e-01  -9.3686e-02  -2.4336e-02  -1.3341e-01   1.9344e-01   1.8237e-01  -1.0425e-01   1.2191e-02  -1.2415e-01  -1.9047e-01  -1.8677e-01   1.1442e-01
  -1.2415e-01  -1.9344e-01   1.7727e-01   8.2768e-02   4.8302e-02   1.5803e-01  -1.9794e-01  -1.5038e-01   3.6388e-02  -9.3686e-02   1.8237e-01   1.9047e-01  -1.1442e-01   1.2191e-02  -1.3341e-01  -1.9569e-01   1.7150e-01   7.1537e-02   6.0033e-02   1.6508e-01  -1.9718e-01  -1.4217e-01   2.4336e-02  -1.0425e-01   1.8677e-01   1.8677e-01  -1.0425e-01   2.4336e-02  -1.4217e-01  -1.9718e-01   1.6508e-01   6.0033e-02   7.1537e-02   1.7150e-01  -1.9569e-01  -1.3341e-01   1.2191e-02  -1.1442e-01   1.9047e-01   1.8237e-01  -9.3686e-02   3.6388e-02  -1.5038e-01  -1.9794e-01   1.5803e-01   4.8302e-02   8.2768e-02   1.7727e-01   1.9344e-01  -1.2415e-01
  -1.3341e-01  -1.9718e-01   1.5803e-01   3.6388e-02   1.0425e-01   1.9047e-01  -1.7727e-01  -7.1537e-02  -7.1537e-02  -1.7727e-01   1.9047e-01   1.0425e-01   3.6388e-02   1.5803e-01  -1.9718e-01  -1.3341e-01  -3.9777e-16  -1.3341e-01   1.9718e-01   1.5803e-01  -3.6388e-02   1.0425e-01  -1.9047e-01  -1.7727e-01   7.1537e-02  -7.1537e-02   1.7727e-01   1.9047e-01  -1.0425e-01   3.6388e-02  -1.5803e-01  -1.9718e-01   1.3341e-01   3.9994e-16   1.3341e-01   1.9718e-01  -1.5803e-01  -3.6388e-02  -1.0425e-01  -1.9047e-01   1.7727e-01   7.1537e-02   7.1537e-02   1.7727e-01  -1.9047e-01  -1.0425e-01  -3.6388e-02  -1.5803e-01  -1.9718e-01   1.3341e-01
  -1.4217e-01  -1.9794e-01   1.3341e-01  -1.2191e-02   1.5038e-01   1.9718e-01  -1.2415e-01   2.4336e-02  -1.5803e-01  -1.9569e-01   1.1442e-01  -3.6388e-02   1.6508e-01   1.9344e-01  -1.0425e-01   4.8302e-02  -1.7150e-01  -1.9047e-01   9.3686e-02  -6.0033e-02   1.7727e-01   1.8677e-01  -8.2768e-02   7.1537e-02  -1.8237e-01  -1.8237e-01   7.1537e-02  -8.2768e-02   1.8677e-01   1.7727e-01  -6.0033e-02   9.3686e-02  -1.9047e-01  -1.7150e-01   4.8302e-02  -1.0425e-01   1.9344e-01   1.6508e-01  -3.6388e-02   1.1442e-01  -1.9569e-01  -1.5803e-01   2.4336e-02  -1.2415e-01   1.9718e-01   1.5038e-01  -1.2191e-02   1.3341e-01   1.9794e-01  -1.4217e-01
  -1.5038e-01  -1.9569e-01   1.0425e-01  -6.0033e-02   1.8237e-01   1.7727e-01  -4.8302e-02   1.1442e-01  -1.9718e-01  -1.4217e-01  -1.2191e-02  -1.5803e-01   1.9344e-01   9.3686e-02   7.1537e-02   1.8677e-01  -1.7150e-01  -3.6388e-02  -1.2415e-01  -1.9794e-01   1.3341e-01  -2.4336e-02   1.6508e-01   1.9047e-01  -8.2768e-02   8.2768e-02  -1.9047e-01  -1.6508e-01   2.4336e-02  -1.3341e-01   1.9794e-01   1.2415e-01   3.6388e-02   1.7150e-01  -1.8677e-01  -7.1537e-02  -9.3686e-02  -1.9344e-01   1.5803e-01   1.2191e-02   1.4217e-01   1.9718e-01  -1.1442e-01   4.8302e-02  -1.7727e-01  -1.8237e-01   6.0033e-02  -1.0425e-01  -1.9569e-01   1.5038e-01
  -1.5803e-01  -1.9047e-01   7.1537e-02  -1.0425e-01   1.9718e-01   1.3341e-01   3.6388e-02   1.7727e-01  -1.7727e-01  -3.6388e-02  -1.3341e-01  -1.9718e-01   1.0425e-01  -7.1537e-02   1.9047e-01   1.5803e-01   5.8704e-16   1.5803e-01  -1.9047e-01  -7.1537e-02  -1.0425e-01  -1.9718e-01   1.3341e-01  -3.6388e-02   1.7727e-01   1.7727e-01  -3.6388e-02   1.3341e-01  -1.9718e-01  -1.0425e-01  -7.1537e-02  -1.9047e-01   1.5803e-01   2.8513e-16   1.5803e-01   1.9047e-01  -7.1537e-02   1.0425e-01  -1.9718e-01  -1.3341e-01  -3.6388e-02  -1.7727e-01   1.7727e-01   3.6388e-02   1.3341e-01   1.9718e-01  -1.0425e-01   7.1537e-02   1.9047e-01  -1.5803e-01
  -1.6508e-01  -1.8237e-01   3.6388e-02  -1.4217e-01   1.9344e-01   7.1537e-02   1.1442e-01   1.9794e-01  -1.0425e-01   8.2768e-02  -1.9569e-01  -1.3341e-01  -4.8302e-02  -1.8677e-01   1.5803e-01  -1.2191e-02   1.7150e-01   1.7727e-01  -2.4336e-02   1.5038e-01  -1.9047e-01  -6.0033e-02  -1.2415e-01  -1.9718e-01   9.3686e-02  -9.3686e-02   1.9718e-01   1.2415e-01   6.0033e-02   1.9047e-01  -1.5038e-01   2.4336e-02  -1.7727e-01  -1.7150e-01   1.2191e-02  -1.5803e-01   1.8677e-01   4.8302e-02   1.3341e-01   1.9569e-01  -8.2768e-02   1.0425e-01  -1.9794e-01  -1.1442e-01  -7.1537e-02  -1.9344e-01   1.4217e-01  -3.6388e-02  -1.8237e-01   1.6508e-01
  -1.7150e-01  -1.7150e-01  -9.2929e-16  -1.7150e-01   1.7150e-01  -1.6635e-15   1.7150e-01   1.7150e-01   9.1738e-16   1.7150e-01  -1.7150e-01   1.2101e-15  -1.7150e-01  -1.7150e-01  -2.1348e-16  -1.7150e-01   1.7150e-01  -5.0400e-16   1.7150e-01   1.7150e-01  -7.1793e-16   1.7150e-01  -1.7150e-01  -7.7264e-16  -1.7150e-01  -1.7150e-01   8.7094e-17  -1.7150e-01   1.7150e-01   2.6916e-16   1.7150e-01   1.7150e-01   1.0964e-15   1.7150e-01  -1.7150e-01  -1.3202e-16  -1.7150e-01  -1.7150e-01  -4.3687e-16  -1.7150e-01   1.7150e-01  -4.2447e-16   1.7150e-01   1.7150e-01  -8.3656e-17   1.7150e-01  -1.7150e-01   8.3689e-16   1.7150e-01  -1.7150e-01
  -1.7727e-01  -1.5803e-01  -3.6388e-02  -1.9047e-01   1.3341e-01  -7.1537e-02   1.9718e-01   1.0425e-01   1.0425e-01   1.9718e-01  -7.1537e-02   1.3341e-01  -1.9047e-01  -3.6388e-02  -1.5803e-01  -1.7727e-01  -2.3627e-16  -1.7727e-01   1.5803e-01  -3.6388e-02   1.9047e-01   1.3341e-01   7.1537e-02   1.9718e-01  -1.0425e-01   1.0425e-01  -1.9718e-01  -7.1537e-02  -1.3341e-01  -1.9047e-01   3.6388e-02  -1.5803e-01   1.7727e-01   2.3728e-16   1.7727e-01   1.5803e-01   3.6388e-02   1.9047e-01  -1.3341e-01   7.1537e-02  -1.9718e-01  -1.0425e-01  -1.0425e-01  -1.9718e-01   7.1537e-02  -1.3341e-01   1.9047e-01   3.6388e-02  -1.5803e-01   1.7727e-01
  -1.8237e-01  -1.4217e-01  -7.1537e-02  -1.9794e-01   8.2768e-02  -1.3341e-01   1.8677e-01   1.2191e-02   1.7727e-01   1.5038e-01   6.0033e-02   1.9718e-01  -9.3686e-02   1.2415e-01  -1.9047e-01  -2.4336e-02  -1.7150e-01  -1.5803e-01  -4.8302e-02  -1.9569e-01   1.0425e-01  -1.1442e-01   1.9344e-01   3.6388e-02   1.6508e-01   1.6508e-01   3.6388e-02   1.9344e-01  -1.1442e-01   1.0425e-01  -1.9569e-01  -4.8302e-02  -1.5803e-01  -1.7150e-01  -2.4336e-02  -1.9047e-01   1.2415e-01  -9.3686e-02   1.9718e-01   6.0033e-02   1.5038e-01   1.7727e-01   1.2191e-02   1.8677e-01  -1.3341e-01   8.2768e-02  -1.9794e-01  -7.1537e-02   1.4217e-01  -1.8237e-01
  -1.8677e-01  -1.2415e-01  -1.0425e-01  -1.9344e-01   2.4336e-02  -1.7727e-01   1.4217e-01  -8.2768e-02   1.9718e-01   4.8302e-02   1.6508e-01   1.5803e-01   6.0033e-02   1.9794e-01  -7.1537e-02   1.5038e-01  -1.7150e-01   3.6388e-02  -1.9569e-01  -9.3686e-02  -1.3341e-01  -1.8237e-01  -1.2191e-02  -1.9047e-01   1.1442e-01  -1.1442e-01   1.9047e-01   1.2191e-02   1.8237e-01   1.3341e-01   9.3686e-02   1.9569e-01  -3.6388e-02   1.7150e-01  -1.5038e-01   7.1537e-02  -1.9794e-01  -6.0033e-02  -1.5803e-01  -1.6508e-01  -4.8302e-02  -1.9718e-01   8.2768e-02  -1.4217e-01   1.7727e-01  -2.4336e-02   1.9344e-01   1.0425e-01  -1.2415e-01   1.8677e-01
  -1.9047e-01  -1.0425e-01  -1.3341e-01  -1.7727e-01  -3.6388e-02  -1.9718e-01   7.1537e-02  -1.5803e-01   1.5803e-01  -7.1537e-02   1.9718e-01   3.6388e-02   1.7727e-01   1.3341e-01   1.0425e-01   1.9047e-01   1.4222e-16   1.9047e-01  -1.0425e-01   1.3341e-01  -1.7727e-01   3.6388e-02  -1.9718e-01  -7.1537e-02  -1.5803e-01  -1.5803e-01  -7.1537e-02  -1.9718e-01   3.6388e-02  -1.7727e-01   1.3341e-01  -1.0425e-01   1.9047e-01   8.6101e-17   1.9047e-01   1.0425e-01   1.3341e-01   1.7727e-01   3.6388e-02   1.9718e-01  -7.1537e-02   1.5803e-01  -1.5803e-01   7.1537e-02  -1.9718e-01  -3.6388e-02  -1.7727e-01  -1.3341e-01   1.0425e-01  -1.9047e-01
  -1.9344e-01  -8.2768e-02  -1.5803e-01  -1.5038e-01  -9.3686e-02  -1.9047e-01  -1.2191e-02  -1.9569e-01   7.1537e-02  -1.6508e-01   1.4217e-01  -1.0425e-01   1.8677e-01  -2.4336e-02   1.9718e-01   6.0033e-02   1.7150e-01   1.3341e-01   1.1442e-01   1.8237e-01   3.6388e-02   1.9794e-01  -4.8302e-02   1.7727e-01  -1.2415e-01   1.2415e-01  -1.7727e-01   4.8302e-02  -1.9794e-01  -3.6388e-02  -1.8237e-01  -1.1442e-01  -1.3341e-01  -1.7150e-01  -6.0033e-02  -1.9718e-01   2.4336e-02  -1.8677e-01   1.0425e-01  -1.4217e-01   1.6508e-01  -7.1537e-02   1.9569e-01   1.2191e-02   1.9047e-01   9.3686e-02   1.5038e-01   1.5803e-01  -8.2768e-02   1.9344e-01
  -1.9569e-01  -6.0033e-02  -1.7727e-01  -1.1442e-01  -1.4217e-01  -1.5803e-01  -9.3686e-02  -1.8677e-01  -3.6388e-02  -1.9794e-01   2.4336e-02  -1.9047e-01   8.2768e-02  -1.6508e-01   1.3341e-01  -1.2415e-01   1.7150e-01  -7.1537e-02   1.9344e-01  -1.2191e-02   1.9718e-01   4.8302e-02   1.8237e-01   1.0425e-01   1.5038e-01   1.5038e-01   1.0425e-01   1.8237e-01   4.8302e-02   1.9718e-01  -1.2191e-02   1.9344e-01  -7.1537e-02   1.7150e-01  -1.2415e-01   1.3341e-01  -1.6508e-01   8.2768e-02  -1.9047e-01   2.4336e-02  -1.9794e-01  -3.6388e-02  -1.8677e-01  -9.3686e-02  -1.5803e-01  -1.4217e-01  -1.1442e-01  -1.7727e-01   6.0033e-02  -1.9569e-01
  -1.9718e-01  -3.6388e-02  -1.9047e-01  -7.1537e-02  -1.7727e-01  -1.0425e-01  -1.5803e-01  -1.3341e-01  -1.3341e-01  -1.5803e-01  -1.0425e-01  -1.7727e-01  -7.1537e-02  -1.9047e-01  -3.6388e-02  -1.9718e-01   4.4868e-17  -1.9718e-01   3.6388e-02  -1.9047e-01   7.1537e-02  -1.7727e-01   1.0425e-01  -1.5803e-01   1.3341e-01  -1.3341e-01   1.5803e-01  -1.0425e-01   1.7727e-01  -7.1537e-02   1.9047e-01  -3.6388e-02   1.9718e-01  -4.9294e-17   1.9718e-01   3.6388e-02   1.9047e-01   7.1537e-02   1.7727e-01   1.0425e-01   1.5803e-01   1.3341e-01   1.3341e-01   1.5803e-01   1.0425e-01   1.7727e-01   7.1537e-02   1.9047e-01  -3.6388e-02   1.9718e-01
  -1.9794e-01  -1.2191e-02  -1.9718e-01  -2.4336e-02  -1.9569e-01  -3.6388e-02  -1.9344e-01  -4.8302e-02  -1.9047e-01  -6.0033e-02  -1.8677e-01  -7.1537e-02  -1.8237e-01  -8.2768e-02  -1.7727e-01  -9.3686e-02  -1.7150e-01  -1.0425e-01  -1.6508e-01  -1.1442e-01  -1.5803e-01  -1.2415e-01  -1.5038e-01  -1.3341e-01  -1.4217e-01  -1.4217e-01  -1.3341e-01  -1.5038e-01  -1.2415e-01  -1.5803e-01  -1.1442e-01  -1.6508e-01  -1.0425e-01  -1.7150e-01  -9.3686e-02  -1.7727e-01  -8.2768e-02  -1.8237e-01  -7.1537e-02  -1.8677e-01  -6.0033e-02  -1.9047e-01  -4.8302e-02  -1.9344e-01  -3.6388e-02  -1.9569e-01  -2.4336e-02  -1.9718e-01   1.2191e-02  -1.9794e-01
  -1.9794e-01   1.2191e-02  -1.9718e-01   2.4336e-02  -1.9569e-01   3.6388e-02  -1.9344e-01   4.8302e-02  -1.9047e-01   6.0033e-02  -1.8677e-01   7.1537e-02  -1.8237e-01   8.2768e-02  -1.7727e-01   9.3686e-02  -1.7150e-01   1.0425e-01  -1.6508e-01   1.1442e-01  -1.5803e-01   1.2415e-01  -1.5038e-01   1.3341e-01  -1.4217e-01   1.4217e-01  -1.3341e-01   1.5038e-01  -1.2415e-01   1.5803e-01  -1.1442e-01   1.6508e-01  -1.0425e-01   1.7150e-01  -9.3686e-02   1.7727e-01  -8.2768e-02   1.8237e-01  -7.1537e-02   1.8677e-01  -6.0033e-02   1.9047e-01  -4.8302e-02   1.9344e-01  -3.6388e-02   1.9569e-01  -2.4336e-02   1.9718e-01   1.2191e-02   1.9794e-01
  -1.9718e-01   3.6388e-02  -1.9047e-01   7.1537e-02  -1.7727e-01   1.0425e-01  -1.5803e-01   1.3341e-01  -1.3341e-01   1.5803e-01  -1.0425e-01   1.7727e-01  -7.1537e-02   1.9047e-01  -3.6388e-02   1.9718e-01   4.4868e-17   1.9718e-01   3.6388e-02   1.9047e-01   7.1537e-02   1.7727e-01   1.0425e-01   1.5803e-01   1.3341e-01   1.3341e-01   1.5803e-01   1.0425e-01   1.7727e-01   7.1537e-02   1.9047e-01   3.6388e-02   1.9718e-01   4.9294e-17   1.9718e-01  -3.6388e-02   1.9047e-01  -7.1537e-02   1.7727e-01  -1.0425e-01   1.5803e-01  -1.3341e-01   1.3341e-01  -1.5803e-01   1.0425e-01  -1.7727e-01   7.1537e-02  -1.9047e-01  -3.6388e-02  -1.9718e-01
  -1.9569e-01   6.0033e-02  -1.7727e-01   1.1442e-01  -1.4217e-01   1.5803e-01  -9.3686e-02   1.8677e-01  -3.6388e-02   1.9794e-01   2.4336e-02   1.9047e-01   8.2768e-02   1.6508e-01   1.3341e-01   1.2415e-01   1.7150e-01   7.1537e-02   1.9344e-01   1.2191e-02   1.9718e-01  -4.8302e-02   1.8237e-01  -1.0425e-01   1.5038e-01  -1.5038e-01   1.0425e-01  -1.8237e-01   4.8302e-02  -1.9718e-01  -1.2191e-02  -1.9344e-01  -7.1537e-02  -1.7150e-01  -1.2415e-01  -1.3341e-01  -1.6508e-01  -8.2768e-02  -1.9047e-01  -2.4336e-02  -1.9794e-01   3.6388e-02  -1.8677e-01   9.3686e-02  -1.5803e-01   1.4217e-01  -1.1442e-01   1.7727e-01   6.0033e-02   1.9569e-01
  -1.9344e-01   8.2768e-02  -1.5803e-01   1.5038e-01  -9.3686e-02   1.9047e-01  -1.2191e-02   1.9569e-01   7.1537e-02   1.6508e-01   1.4217e-01   1.0425e-01   1.8677e-01   2.4336e-02   1.9718e-01  -6.0033e-02   1.7150e-01  -1.3341e-01   1.1442e-01  -1.8237e-01   3.6388e-02  -1.9794e-01  -4.8302e-02  -1.7727e-01  -1.2415e-01  -1.2415e-01  -1.7727e-01  -4.8302e-02  -1.9794e-01   3.6388e-02  -1.8237e-01   1.1442e-01  -1.3341e-01   1.7150e-01  -6.0033e-02   1.9718e-01   2.4336e-02   1.8677e-01   1.0425e-01   1.4217e-01   1.6508e-01   7.1537e-02   1.9569e-01  -1.2191e-02   1.9047e-01  -9.3686e-02   1.5038e-01  -1.5803e-01  -8.2768e-02  -1.9344e-01
  -1.9047e-01   1.0425e-01  -1.3341e-01   1.7727e-01  -3.6388e-02   1.9718e-01   7.1537e-02   1.5803e-01   1.5803e-01   7.1537e-02   1.9718e-01  -3.6388e-02   1.7727e-01  -1.3341e-01   1.0425e-01  -1.9047e-01   1.4222e-16  -1.9047e-01  -1.0425e-01  -1.3341e-01  -1.7727e-01  -3.6388e-02  -1.9718e-01   7.1537e-02  -1.5803e-01   1.5803e-01  -7.1537e-02   1.9718e-01   3.6388e-02   1.7727e-01   1.3341e-01   1.0425e-01   1.9047e-01  -8.6101e-17   1.9047e-01  -1.0425e-01   1.3341e-01  -1.7727e-01   3.6388e-02  -1.9718e-01  -7.1537e-02  -1.5803e-01  -1.5803e-01  -7.1537e-02  -1.9718e-01   3.6388e-02  -1.7727e-01   1.3341e-01   1.0425e-01   1.9047e-01
  -1.8677e-01   1.2415e-01  -1.0425e-01   1.9344e-01   2.4336e-02   1.7727e-01   1.4217e-01   8.2768e-02   1.9718e-01  -4.8302e-02   1.6508e-01  -1.5803e-01   6.0033e-02  -1.9794e-01  -7.1537e-02  -1.5038e-01  -1.7150e-01  -3.6388e-02  -1.9569e-01   9.3686e-02  -1.3341e-01   1.8237e-01  -1.2191e-02   1.9047e-01   1.1442e-01   1.1442e-01   1.9047e-01  -1.2191e-02   1.8237e-01  -1.3341e-01   9.3686e-02  -1.9569e-01  -3.6388e-02  -1.7150e-01  -1.5038e-01  -7.1537e-02  -1.9794e-01   6.0033e-02  -1.5803e-01   1.6508e-01  -4.8302e-02   1.9718e-01   8.2768e-02   1.4217e-01   1.7727e-01   2.4336e-02   1.9344e-01  -1.0425e-01  -1.2415e-01  -1.8677e-01
  -1.8237e-01   1.4217e-01  -7.1537e-02   1.9794e-01   8.2768e-02   1.3341e-01   1.8677e-01  -1.2191e-02   1.7727e-01  -1.5038e-01   6.0033e-02  -1.9718e-01  -9.3686e-02  -1.2415e-01  -1.9047e-01   2.4336e-02  -1.7150e-01   1.5803e-01  -4.8302e-02   1.9569e-01   1.0425e-01   1.1442e-01   1.9344e-01  -3.6388e-02   1.6508e-01  -1.6508e-01   3.6388e-02  -1.9344e-01  -1.1442e-01  -1.0425e-01  -1.9569e-01   4.8302e-02  -1.5803e-01   1.7150e-01  -2.4336e-02   1.9047e-01   1.2415e-01   9.3686e-02   1.9718e-01  -6.0033e-02   1.5038e-01  -1.7727e-01   1.2191e-02  -1.8677e-01  -1.3341e-01  -8.2768e-02  -1.9794e-01   7.1537e-02   1.4217e-01   1.8237e-01
  -1.7727e-01   1.5803e-01  -3.6388e-02   1.9047e-01   1.3341e-01   7.1537e-02   1.9718e-01  -1.0425e-01   1.0425e-01  -1.9718e-01  -7.1537e-02  -1.3341e-01  -1.9047e-01   3.6388e-02  -1.5803e-01   1.7727e-01  -2.3627e-16   1.7727e-01   1.5803e-01   3.6388e-02   1.9047e-01  -1.3341e-01   7.1537e-02  -1.9718e-01  -1.0425e-01  -1.0425e-01  -1.9718e-01   7.1537e-02  -1.3341e-01   1.9047e-01   3.6388e-02   1.5803e-01   1.7727e-01  -2.3728e-16   1.7727e-01  -1.5803e-01   3.6388e-02  -1.9047e-01  -1.3341e-01  -7.1537e-02  -1.9718e-01   1.0425e-01  -1.0425e-01   1.9718e-01   7.1537e-02   1.3341e-01   1.9047e-01  -3.6388e-02  -1.5803e-01  -1.7727e-01
  -1.7150e-01   1.7150e-01  -9.2929e-16   1.7150e-01   1.7150e-01   1.6635e-15   1.7150e-01  -1.7150e-01   9.1738e-16  -1.7150e-01  -1.7150e-01  -1.2101e-15  -1.7150e-01   1.7150e-01  -2.1348e-16   1.7150e-01   1.7150e-01   5.0400e-16   1.7150e-01  -1.7150e-01  -7.1793e-16  -1.7150e-01  -1.7150e-01   7.7264e-16  -1.7150e-01   1.7150e-01   8.7094e-17   1.7150e-01   1.7150e-01  -2.6916e-16   1.7150e-01  -1.7150e-01   1.0964e-15  -1.7150e-01  -1.7150e-01   1.3202e-16  -1.7150e-01   1.7150e-01  -4.3687e-16   1.7150e-01   1.7150e-01   4.2447e-16   1.7150e-01  -1.7150e-01  -8.3656e-17  -1.7150e-01  -1.7150e-01  -8.3689e-16   1.7150e-01   1.7150e-01
  -1.6508e-01   1.8237e-01   3.6388e-02   1.4217e-01   1.9344e-01  -7.1537e-02   1.1442e-01  -1.9794e-01  -1.0425e-01  -8.2768e-02  -1.9569e-01   1.3341e-01  -4.8302e-02   1.8677e-01   1.5803e-01   1.2191e-02   1.7150e-01  -1.7727e-01  -2.4336e-02  -1.5038e-01  -1.9047e-01   6.0033e-02  -1.2415e-01   1.9718e-01   9.3686e-02   9.3686e-02   1.9718e-01  -1.2415e-01   6.0033e-02  -1.9047e-01  -1.5038e-01  -2.4336e-02  -1.7727e-01   1.7150e-01   1.2191e-02   1.5803e-01   1.8677e-01  -4.8302e-02   1.3341e-01  -1.9569e-01  -8.2768e-02  -1.0425e-01  -1.9794e-01   1.1442e-01  -7.1537e-02   1.9344e-01   1.4217e-01   3.6388e-02  -1.8237e-01  -1.6508e-01
  -1.5803e-01   1.9047e-01   7.1537e-02   1.0425e-01   1.9718e-01  -1.3341e-01   3.6388e-02  -1.7727e-01  -1.7727e-01   3.6388e-02  -1.3341e-01   1.9718e-01   1.0425e-01   7.1537e-02   1.9047e-01  -1.5803e-01   5.8704e-16  -1.5803e-01  -1.9047e-01   7.1537e-02  -1.0425e-01   1.9718e-01   1.3341e-01   3.6388e-02   1.7727e-01  -1.7727e-01  -3.6388e-02  -1.3341e-01  -1.9718e-01   1.0425e-01  -7.1537e-02   1.9047e-01   1.5803e-01  -2.8513e-16   1.5803e-01  -1.9047e-01  -7.1537e-02  -1.0425e-01  -1.9718e-01   1.3341e-01  -3.6388e-02   1.7727e-01   1.7727e-01  -3.6388e-02   1.3341e-01  -1.9718e-01  -1.0425e-01  -7.1537e-02   1.9047e-01   1.5803e-01
  -1.5038e-01   1.9569e-01   1.0425e-01   6.0033e-02   1.8237e-01  -1.7727e-01  -4.8302e-02  -1.1442e-01  -1.9718e-01   1.4217e-01  -1.2191e-02   1.5803e-01   1.9344e-01  -9.3686e-02   7.1537e-02  -1.8677e-01  -1.7150e-01   3.6388e-02  -1.2415e-01   1.9794e-01   1.3341e-01   2.4336e-02   1.6508e-01  -1.9047e-01  -8.2768e-02  -8.2768e-02  -1.9047e-01   1.6508e-01   2.4336e-02   1.3341e-01   1.9794e-01  -1.2415e-01   3.6388e-02  -1.7150e-01  -1.8677e-01   7.1537e-02  -9.3686e-02   1.9344e-01   1.5803e-01  -1.2191e-02   1.4217e-01  -1.9718e-01  -1.1442e-01  -4.8302e-02  -1.7727e-01   1.8237e-01   6.0033e-02   1.0425e-01  -1.9569e-01  -1.5038e-01
  -1.4217e-01   1.9794e-01   1.3341e-01   1.2191e-02   1.5038e-01  -1.9718e-01  -1.2415e-01  -2.4336e-02  -1.5803e-01   1.9569e-01   1.1442e-01   3.6388e-02   1.6508e-01  -1.9344e-01  -1.0425e-01  -4.8302e-02  -1.7150e-01   1.9047e-01   9.3686e-02   6.0033e-02   1.7727e-01  -1.8677e-01  -8.2768e-02  -7.1537e-02  -1.8237e-01   1.8237e-01   7.1537e-02   8.2768e-02   1.8677e-01  -1.7727e-01  -6.0033e-02  -9.3686e-02  -1.9047e-01   1.7150e-01   4.8302e-02   1.0425e-01   1.9344e-01  -1.6508e-01  -3.6388e-02  -1.1442e-01  -1.9569e-01   1.5803e-01   2.4336e-02   1.2415e-01   1.9718e-01  -1.5038e-01  -1.2191e-02  -1.3341e-01   1.9794e-01   1.4217e-01
  -1.3341e-01   1.9718e-01   1.5803e-01  -3.6388e-02   1.0425e-01  -1.9047e-01  -1.7727e-01   7.1537e-02  -7.1537e-02   1.7727e-01   1.9047e-01  -1.0425e-01   3.6388e-02  -1.5803e-01  -1.9718e-01   1.3341e-01  -3.9777e-16   1.3341e-01   1.9718e-01  -1.5803e-01  -3.6388e-02  -1.0425e-01  -1.9047e-01   1.7727e-01   7.1537e-02   7.1537e-02   1.7727e-01  -1.9047e-01  -1.0425e-01  -3.6388e-02  -1.5803e-01   1.9718e-01   1.3341e-01  -3.9994e-16   1.3341e-01  -1.9718e-01  -1.5803e-01   3.6388e-02  -1.0425e-01   1.9047e-01   1.7727e-01  -7.1537e-02   7.1537e-02  -1.7727e-01  -1.9047e-01   1.0425e-01  -3.6388e-02   1.5803e-01  -1.9718e-01  -1.3341e-01
  -1.2415e-01   1.9344e-01   1.7727e-01  -8.2768e-02   4.8302e-02  -1.5803e-01  -1.9794e-01   1.5038e-01   3.6388e-02   9.3686e-02   1.8237e-01  -1.9047e-01  -1.1442e-01  -1.2191e-02  -1.3341e-01   1.9569e-01   1.7150e-01  -7.1537e-02   6.0033e-02  -1.6508e-01  -1.9718e-01   1.4217e-01   2.4336e-02   1.0425e-01   1.8677e-01  -1.8677e-01  -1.0425e-01  -2.4336e-02  -1.4217e-01   1.9718e-01   1.6508e-01  -6.0033e-02   7.1537e-02  -1.7150e-01  -1.9569e-01   1.3341e-01   1.2191e-02   1.1442e-01   1.9047e-01  -1.8237e-01  -9.3686e-02  -3.6388e-02  -1.5038e-01   1.9794e-01   1.5803e-01  -4.8302e-02   8.2768e-02  -1.7727e-01   1.9344e-01   1.2415e-01
  -1.1442e-01   1.8677e-01   1.9047e-01  -1.2415e-01  -1.2191e-02  -1.0425e-01  -1.8237e-01   1.9344e-01   1.3341e-01  -2.4336e-02   9.3686e-02  -1.7727e-01  -1.9569e-01   1.4217e-01   3.6388e-02   8.2768e-02   1.7150e-01  -1.9718e-01  -1.5038e-01   4.8302e-02  -7.1537e-02   1.6508e-01   1.9794e-01  -1.5803e-01  -6.0033e-02  -6.0033e-02  -1.5803e-01   1.9794e-01   1.6508e-01  -7.1537e-02   4.8302e-02  -1.5038e-01  -1.9718e-01   1.7150e-01   8.2768e-02   3.6388e-02   1.4217e-01  -1.9569e-01  -1.7727e-01   9.3686e-02  -2.4336e-02   1.3341e-01   1.9344e-01  -1.8237e-01  -1.0425e-01  -1.2191e-02  -1.2415e-01   1.9047e-01  -1.8677e-01  -1.1442e-01
  -1.0425e-01   1.7727e-01   1.9718e-01  -1.5803e-01  -7.1537e-02  -3.6388e-02  -1.3341e-01   1.9047e-01   1.9047e-01  -1.3341e-01  -3.6388e-02  -7.1537e-02  -1.5803e-01   1.9718e-01   1.7727e-01  -1.0425e-01   8.4840e-16  -1.0425e-01  -1.7727e-01   1.9718e-01   1.5803e-01  -7.1537e-02   3.6388e-02  -1.3341e-01  -1.9047e-01   1.9047e-01   1.3341e-01  -3.6388e-02   7.1537e-02  -1.5803e-01  -1.9718e-01   1.7727e-01   1.0425e-01   8.4566e-17   1.0425e-01  -1.7727e-01  -1.9718e-01   1.5803e-01   7.1537e-02   3.6388e-02   1.3341e-01  -1.9047e-01  -1.9047e-01   1.3341e-01   3.6388e-02   7.1537e-02   1.5803e-01  -1.9718e-01   1.7727e-01   1.0425e-01
  -9.3686e-02   1.6508e-01   1.9718e-01  -1.8237e-01  -1.2415e-01   3.6388e-02  -6.0033e-02   1.4217e-01   1.9047e-01  -1.9344e-01  -1.5038e-01   7.1537e-02  -2.4336e-02   1.1442e-01   1.7727e-01  -1.9794e-01  -1.7150e-01   1.0425e-01   1.2191e-02   8.2768e-02   1.5803e-01  -1.9569e-01  -1.8677e-01   1.3341e-01   4.8302e-02   4.8302e-02   1.3341e-01  -1.8677e-01  -1.9569e-01   1.5803e-01   8.2768e-02   1.2191e-02   1.0425e-01  -1.7150e-01  -1.9794e-01   1.7727e-01   1.1442e-01  -2.4336e-02   7.1537e-02  -1.5038e-01  -1.9344e-01   1.9047e-01   1.4217e-01  -6.0033e-02   3.6388e-02  -1.2415e-01  -1.8237e-01   1.9718e-01  -1.6508e-01  -9.3686e-02
  -8.2768e-02   1.5038e-01   1.9047e-01  -1.9569e-01  -1.6508e-01   1.0425e-01   2.4336e-02   6.0033e-02   1.3341e-01  -1.8237e-01  -1.9794e-01   1.7727e-01   1.2415e-01  -4.8302e-02   3.6388e-02  -1.1442e-01  -1.7150e-01   1.9718e-01   1.8677e-01  -1.4217e-01  -7.1537e-02  -1.2191e-02  -9.3686e-02   1.5803e-01   1.9344e-01  -1.9344e-01  -1.5803e-01   9.3686e-02   1.2191e-02   7.1537e-02   1.4217e-01  -1.8677e-01  -1.9718e-01   1.7150e-01   1.1442e-01  -3.6388e-02   4.8302e-02  -1.2415e-01  -1.7727e-01   1.9794e-01   1.8237e-01  -1.3341e-01  -6.0033e-02  -2.4336e-02  -1.0425e-01   1.6508e-01   1.9569e-01  -1.9047e-01   1.5038e-01   8.2768e-02
  -7.1537e-02   1.3341e-01   1.7727e-01  -1.9718e-01  -1.9047e-01   1.5803e-01   1.0425e-01  -3.6388e-02   3.6388e-02  -1.0425e-01  -1.5803e-01   1.9047e-01   1.9718e-01  -1.7727e-01  -1.3341e-01   7.1537e-02   8.1689e-17   7.1537e-02   1.3341e-01  -1.7727e-01  -1.9718e-01   1.9047e-01   1.5803e-01  -1.0425e-01  -3.6388e-02  -3.6388e-02  -1.0425e-01   1.5803e-01   1.9047e-01  -1.9718e-01  -1.7727e-01   1.3341e-01   7.1537e-02   8.0627e-16   7.1537e-02  -1.3341e-01  -1.7727e-01   1.9718e-01   1.9047e-01  -1.5803e-01  -1.0425e-01   3.6388e-02  -3.6388e-02   1.0425e-01   1.5803e-01  -1.9047e-01  -1.9718e-01   1.7727e-01  -1.3341e-01  -7.1537e-02
  -6.0033e-02   1.1442e-01   1.5803e-01  -1.8677e-01  -1.9794e-01   1.9047e-01   1.6508e-01  -1.2415e-01  -7.1537e-02   1.2191e-02  -4.8302e-02   1.0425e-01   1.5038e-01  -1.8237e-01  -1.9718e-01   1.9344e-01   1.7150e-01  -1.3341e-01  -8.2768e-02   2.4336e-02  -3.6388e-02   9.3686e-02   1.4217e-01  -1.7727e-01  -1.9569e-01   1.9569e-01   1.7727e-01  -1.4217e-01  -9.3686e-02   3.6388e-02  -2.4336e-02   8.2768e-02   1.3341e-01  -1.7150e-01  -1.9344e-01   1.9718e-01   1.8237e-01  -1.5038e-01  -1.0425e-01   4.8302e-02  -1.2191e-02   7.1537e-02   1.2415e-01  -1.6508e-01  -1.9047e-01   1.9794e-01   1.8677e-01  -1.5803e-01   1.1442e-01   6.0033e-02
  -4.8302e-02   9.3686e-02   1.3341e-01  -1.6508e-01  -1.8677e-01   1.9718e-01   1.9569e-01  -1.8237e-01  -1.5803e-01   1.2415e-01   8.2768e-02  -3.6388e-02   1.2191e-02  -6.0033e-02  -1.0425e-01   1.4217e-01   1.7150e-01  -1.9047e-01  -1.9794e-01   1.9344e-01   1.7727e-01  -1.5038e-01  -1.1442e-01   7.1537e-02   2.4336e-02   2.4336e-02   7.1537e-02  -1.1442e-01  -1.5038e-01   1.7727e-01   1.9344e-01  -1.9794e-01  -1.9047e-01   1.7150e-01   1.4217e-01  -1.0425e-01  -6.0033e-02   1.2191e-02  -3.6388e-02   8.2768e-02   1.2415e-01  -1.5803e-01  -1.8237e-01   1.9569e-01   1.9718e-01  -1.8677e-01  -1.6508e-01   1.3341e-01  -9.3686e-02  -4.8302e-02
  -3.6388e-02   7.1537e-02   1.0425e-01  -1.3341e-01  -1.5803e-01   1.7727e-01   1.9047e-01  -1.9718e-01  -1.9718e-01   1.9047e-01   1.7727e-01  -1.5803e-01  -1.3341e-01   1.0425e-01   7.1537e-02  -3.6388e-02   1.5973e-16  -3.6388e-02  -7.1537e-02   1.0425e-01   1.3341e-01  -1.5803e-01  -1.7727e-01   1.9047e-01   1.9718e-01  -1.9718e-01  -1.9047e-01   1.7727e-01   1.5803e-01  -1.3341e-01  -1.0425e-01   7.1537e-02   3.6388e-02   1.4148e-16   3.6388e-02  -7.1537e-02  -1.0425e-01   1.3341e-01   1.5803e-01  -1.7727e-01  -1.9047e-01   1.9718e-01   1.9718e-01  -1.9047e-01  -1.7727e-01   1.5803e-01   1.3341e-01  -1.0425e-01   7.1537e-02   3.6388e-02
  -2.4336e-02   4.8302e-02   7.1537e-02  -9.3686e-02  -1.1442e-01   1.3341e-01   1.5038e-01  -1.6508e-01  -1.7727e-01   1.8677e-01   1.9344e-01  -1.9718e-01  -1.9794e-01   1.9569e-01   1.9047e-01  -1.8237e-01  -1.7150e-01   1.5803e-01   1.4217e-01  -1.2415e-01  -1.0425e-01   8.2768e-02   6.0033e-02  -3.6388e-02  -1.2191e-02  -1.2191e-02  -3.6388e-02   6.0033e-02   8.2768e-02  -1.0425e-01  -1.2415e-01   1.4217e-01   1.5803e-01  -1.7150e-01  -1.8237e-01   1.9047e-01   1.9569e-01  -1.9794e-01  -1.9718e-01   1.9344e-01   1.8677e-01  -1.7727e-01  -1.6508e-01   1.5038e-01   1.3341e-01  -1.1442e-01  -9.3686e-02   7.1537e-02  -4.8302e-02  -2.4336e-02
  -1.2191e-02   2.4336e-02   3.6388e-02  -4.8302e-02  -6.0033e-02   7.1537e-02   8.2768e-02  -9.3686e-02  -1.0425e-01   1.1442e-01   1.2415e-01  -1.3341e-01  -1.4217e-01   1.5038e-01   1.5803e-01  -1.6508e-01  -1.7150e-01   1.7727e-01   1.8237e-01  -1.8677e-01  -1.9047e-01   1.9344e-01   1.9569e-01  -1.9718e-01  -1.9794e-01   1.9794e-01   1.9718e-01  -1.9569e-01  -1.9344e-01   1.9047e-01   1.8677e-01  -1.8237e-01  -1.7727e-01   1.7150e-01   1.6508e-01  -1.5803e-01  -1.5038e-01   1.4217e-01   1.3341e-01  -1.2415e-01  -1.1442e-01   1.0425e-01   9.3686e-02  -8.2768e-02  -7.1537e-02   6.0033e-02   4.8302e-02  -3.6388e-02   2.4336e-02   1.2191e-02

