rho_max 10.8171
omega_r 0
Eigevectors
  -1.4472e-01   1.7391e-01  -1.9065e-01   2.0178e-01  -2.0956e-01   2.1504e-01  -2.1879e-01   2.2118e-01  -2.2243e-01  -2.2270e-01   2.2210e-01  -2.2073e-01  -2.1862e-01   2.1582e-01  -2.1236e-01  -2.0824e-01   2.0345e-01   1.9799e-01  -1.9182e-01   1.8488e-01   1.7710e-01  -1.6836e-01  -1.5848e-01   1.4719e-01   1.3402e-01  -1.1800e-01   9.6818e-02   6.6497e-02  -3.1823e-02   9.9156e-03   2.2711e-03  -4.2837e-04  -7.0138e-05   1.0220e-05   1.3415e-06   1.5909e-07  -1.6933e-08  -1.5928e-09  -1.2966e-10  -8.9324e-12  -5.0971e-13  -2.3581e-14  -8.6353e-16  -2.4328e-17  -5.1544e-19  -8.6471e-21  -1.4531e-22  -3.0042e-24  -5.2164e-26  -2.5296e-28
  -2.7029e-01   2.9395e-01  -2.8884e-01   2.7076e-01  -2.4536e-01   2.1548e-01  -1.8280e-01   1.4847e-01  -1.1331e-01  -7.7941e-02   4.2875e-02  -8.5322e-03   2.4725e-02  -5.6572e-02   8.6714e-02   1.1487e-01  -1.4076e-01  -1.6412e-01   1.8466e-01  -2.0205e-01  -2.1595e-01   2.2591e-01   2.3138e-01  -2.3159e-01  -2.2534e-01   2.1041e-01  -1.8176e-01  -1.3054e-01   6.5074e-02  -2.1145e-02  -5.0633e-03   1.0001e-03   1.7165e-04  -2.6230e-05  -3.6116e-06  -4.4933e-07   5.0188e-08   4.9568e-09   4.2401e-10   3.0726e-11   1.8465e-12   9.0077e-14   3.4810e-15   1.0331e-16   2.2511e-18   3.3199e-20   2.6017e-22  -7.0313e-25  -4.0311e-26  -2.4250e-28
  -3.6174e-01   3.2476e-01  -2.4870e-01   1.6318e-01  -7.9207e-02   2.1876e-03   6.4949e-02  -1.2061e-01   1.6402e-01   1.9495e-01  -2.1357e-01   2.2034e-01   2.1597e-01  -2.0134e-01   1.7748e-01   1.4557e-01  -1.0692e-01  -6.2937e-02   1.5169e-02   3.4720e-02   8.4916e-02  -1.3341e-01  -1.7793e-01   2.1578e-01   2.4349e-01  -2.5591e-01   2.4330e-01   1.8896e-01  -1.0085e-01   3.5046e-02   8.9865e-03  -1.9007e-03  -3.4892e-04   5.6942e-05   8.3595e-06   1.1072e-06  -1.3151e-07  -1.3803e-08  -1.2543e-09  -9.6572e-11  -6.1685e-12  -3.2002e-13  -1.3164e-14  -4.1648e-16  -9.7210e-18  -1.5715e-19  -1.5705e-21  -7.0437e-24   1.9808e-26   2.2692e-28
  -4.1120e-01   2.6024e-01  -9.1969e-02  -4.9158e-02   1.5134e-01  -2.1325e-01   2.3812e-01  -2.3139e-01   1.9952e-01   1.4933e-01  -8.7560e-02   2.0617e-02  -4.5654e-02   1.0609e-01  -1.5631e-01  -1.9281e-01   2.1301e-01   2.1528e-01  -1.9902e-01   1.6467e-01   1.1378e-01  -4.9051e-02   2.5515e-02  -1.0441e-01  -1.8011e-01   2.4177e-01  -2.7106e-01  -2.3734e-01   1.3951e-01  -5.3022e-02  -1.4826e-02   3.4068e-03   6.7662e-04  -1.1899e-04  -1.8758e-05  -2.6600e-06   3.3747e-07   3.7773e-08   3.6573e-09   2.9990e-10   2.0401e-11   1.1274e-12   4.9424e-14   1.6681e-15   4.1617e-17   7.2414e-19   8.0280e-21   4.7941e-23   1.0290e-25  -4.5522e-29
  -4.1873e-01   1.2303e-01   1.0657e-01  -2.3063e-01   2.6100e-01  -2.2235e-01   1.4123e-01  -4.1742e-02  -5.6320e-02  -1.3815e-01   1.9401e-01  -2.1892e-01  -2.1220e-01   1.7675e-01  -1.1839e-01  -4.5062e-02  -3.3992e-02  -1.0898e-01   1.7038e-01  -2.0969e-01  -2.2020e-01   1.9774e-01   1.4145e-01  -5.4672e-02   5.3876e-02  -1.6786e-01   2.5735e-01   2.6975e-01  -1.8019e-01   7.6412e-02   2.3618e-02  -5.9499e-03  -1.2865e-03   2.4485e-04   4.1570e-05   6.3247e-06  -8.5846e-07  -1.0260e-07  -1.0594e-08  -9.2593e-10  -6.7119e-11  -3.9530e-12  -1.8477e-13  -6.6537e-15  -1.7736e-16  -3.3051e-18  -3.9482e-20  -2.6144e-22  -7.2449e-25  -3.4606e-28
  -3.9120e-01  -4.6298e-02   2.5860e-01  -2.7152e-01   1.6692e-01  -2.0350e-02  -1.1326e-01   2.0134e-01  -2.3094e-01  -2.0439e-01   1.3443e-01  -3.9713e-02   5.9346e-02  -1.4383e-01   1.9891e-01   2.1548e-01  -1.9114e-01  -1.3023e-01   4.3270e-02   5.4315e-02   1.4404e-01  -2.0669e-01  -2.2517e-01   1.8777e-01   9.2141e-02   4.9389e-02  -1.9956e-01  -2.7909e-01   2.2021e-01  -1.0621e-01  -3.6681e-02   1.0196e-02   2.4093e-03  -4.9752e-04  -9.1136e-05  -1.4896e-05   2.1652e-06   2.7653e-07   3.0473e-08   2.8402e-09   2.1949e-10   1.3783e-11   6.8715e-13   2.6412e-14   7.5233e-16   1.5008e-17   1.9243e-19   1.3750e-21   4.1435e-24   2.4318e-27
  -3.3963e-01  -2.0457e-01   3.0353e-01  -1.5293e-01  -5.3737e-02   2.0051e-01  -2.4388e-01   1.9116e-01  -7.7687e-02   5.2140e-02  -1.5853e-01   2.1457e-01   2.0969e-01  -1.4924e-01   5.1263e-02  -5.8541e-02   1.5270e-01   2.0771e-01  -2.0897e-01   1.5417e-01   5.4768e-02   6.4962e-02   1.7134e-01  -2.2746e-01  -2.0227e-01   8.3289e-02   1.0317e-01   2.5835e-01  -2.5449e-01   1.4256e-01   5.5562e-02  -1.7133e-02  -4.4394e-03   9.9683e-04   1.9732e-04   3.4691e-05  -5.4056e-06  -7.3835e-07  -8.6896e-08  -8.6425e-09  -7.1250e-10  -4.7729e-11  -2.5393e-12  -1.0423e-13  -3.1737e-15  -6.7802e-17  -9.3367e-19  -7.2036e-21  -2.3810e-23  -1.6997e-26
  -2.7612e-01  -3.1937e-01   2.3074e-01   5.1450e-02  -2.3506e-01   2.4075e-01  -1.1420e-01  -5.4448e-02   1.8382e-01   2.2770e-01  -1.8044e-01   6.8851e-02  -6.2691e-02   1.6846e-01  -2.1486e-01  -1.8887e-01   1.0032e-01  -2.1774e-02   1.3760e-01  -2.0784e-01  -2.0550e-01   1.2583e-01  -8.3444e-03   1.4801e-01   2.2830e-01  -1.8981e-01   1.5907e-02  -2.0297e-01   2.7547e-01  -1.8394e-01  -8.1795e-02   2.8142e-02   8.0242e-03  -1.9640e-03  -4.2092e-04  -7.9715e-05   1.3331e-05   1.9495e-06   2.4524e-07   2.6049e-08   2.2925e-09   1.6393e-10   9.3122e-12   4.0838e-13   1.3301e-14   3.0442e-16   4.5028e-18   3.7470e-20   1.3462e-22   1.0648e-25
  -2.1128e-01  -3.7598e-01   7.5460e-02   2.2853e-01  -2.5145e-01   7.1425e-02   1.3391e-01  -2.3465e-01   1.9477e-01   5.6584e-02   1.0069e-01  -2.0313e-01  -2.1059e-01   1.2656e-01   9.0778e-03   1.3865e-01  -2.0932e-01  -1.9244e-01   9.4046e-02   4.6472e-02   1.6961e-01  -2.1776e-01  -1.6022e-01   1.3458e-02  -1.5248e-01   2.3097e-01  -1.3100e-01   1.1421e-01  -2.7368e-01   2.2623e-01   1.1637e-01  -4.4985e-02  -1.4176e-02   3.7936e-03   8.8219e-04   1.8029e-04  -3.2407e-05  -5.0798e-06  -6.8380e-07  -7.7640e-08  -7.3004e-09  -5.5767e-10  -3.3849e-11  -1.5870e-12  -5.5317e-14  -1.3572e-15  -2.1572e-17  -1.9367e-19  -7.5567e-22  -6.5782e-25
  -1.5269e-01  -3.7702e-01  -1.0420e-01   2.9220e-01  -1.0006e-01  -1.5762e-01   2.4776e-01  -1.4106e-01  -5.3070e-02  -1.9874e-01   2.1618e-01  -1.0959e-01   5.2413e-02  -1.8114e-01   2.1262e-01   1.3484e-01   1.0609e-02   1.5014e-01  -2.1291e-01   1.6457e-01   2.6137e-02   1.3112e-01   2.1632e-01  -1.6701e-01   3.3857e-03  -1.8465e-01   2.0882e-01  -2.7352e-03   2.3985e-01  -2.6186e-01  -1.5880e-01   6.9605e-02   2.4373e-02  -7.1582e-03  -1.8112e-03  -4.0029e-04   7.7473e-05   1.3036e-05   1.8801e-06   2.2845e-07   2.2973e-08   1.8764e-09   1.2179e-10   6.1093e-12   2.2805e-13   6.0015e-15   1.0258e-16   9.9414e-19   4.2157e-21   4.0453e-24
  -1.0450e-01  -3.3685e-01  -2.5420e-01   2.2210e-01   1.1425e-01  -2.6094e-01   1.2273e-01   1.1170e-01  -2.3243e-01  -1.6596e-01  -1.5650e-02   1.7694e-01   2.1516e-01  -1.1537e-01  -5.3299e-02  -1.8601e-01   2.0410e-01   9.8061e-02   6.8264e-02  -1.9336e-01  -1.9625e-01   6.8085e-02  -1.1227e-01   2.1584e-01   1.4747e-01   6.1281e-02  -2.1918e-01  -1.0939e-01  -1.6872e-01   2.7971e-01   2.0585e-01  -1.0358e-01  -4.0591e-02   1.3144e-02   3.6310e-03   8.7006e-04  -1.8169e-04  -3.2876e-05  -5.0877e-06  -6.6241e-07  -7.1322e-08  -6.2351e-09  -4.3318e-10  -2.3269e-11  -9.3094e-13  -2.6298e-14  -4.8365e-16  -5.0636e-18  -2.3352e-20  -2.4717e-23
  -6.7855e-02  -2.7416e-01  -3.4265e-01   5.9761e-02   2.6157e-01  -1.6723e-01  -1.1541e-01   2.4317e-01  -1.2179e-01   1.0035e-01  -2.2300e-01   1.5940e-01  -2.4494e-02   1.8336e-01  -2.0380e-01  -7.7404e-02  -1.0226e-01  -2.0761e-01   1.6377e-01  -2.0630e-04   1.6550e-01  -2.0595e-01  -7.9674e-02  -1.2018e-01  -2.1552e-01   9.0256e-02   1.4943e-01   1.9090e-01   6.4187e-02  -2.6668e-01  -2.5014e-01   1.4708e-01   6.5111e-02  -2.3384e-02  -7.0821e-03  -1.8458e-03   4.1691e-04   8.1290e-05   1.3521e-05   1.8893e-06   2.1809e-07   2.0431e-08   1.5209e-09   8.7569e-11   3.7584e-12   1.1406e-13   2.2590e-15   2.5568e-17   1.2833e-19   1.4994e-22
  -4.1874e-02  -2.0591e-01  -3.6408e-01  -1.2462e-01   2.6771e-01   4.4975e-02  -2.5256e-01   1.2191e-01   1.3515e-01   2.3012e-01  -9.1934e-02  -1.2465e-01  -2.1948e-01   1.2037e-01   7.7539e-02   2.0631e-01  -1.6295e-01   1.3955e-02  -1.7853e-01   1.9353e-01   4.2331e-02   1.4867e-01   2.0554e-01  -6.1543e-02   1.5253e-01  -1.9610e-01  -1.8109e-02  -2.1011e-01   5.6048e-02   2.1180e-01   2.7944e-01  -1.9725e-01  -9.9914e-02   4.0106e-02   1.3385e-02   3.8089e-03  -9.3334e-04  -1.9657e-04  -3.5215e-05  -5.2895e-06  -6.5564e-07  -6.5909e-08  -5.2637e-09  -3.2521e-10  -1.4988e-11  -4.8914e-13  -1.0442e-14  -1.2787e-16  -6.9908e-19  -9.0239e-22
  -2.4589e-02  -1.4391e-01  -3.3273e-01  -2.6934e-01   1.4289e-01   2.2759e-01  -1.8148e-01  -1.1988e-01   2.3658e-01   5.8429e-02   1.7400e-01  -2.0660e-01  -2.5307e-02  -1.7399e-01   1.9850e-01   3.3742e-02   1.5960e-01   2.0079e-01  -5.2605e-02  -1.4550e-01  -2.0273e-01   5.7005e-02  -1.5053e-01   1.9608e-01   1.0923e-02   1.9274e-01  -1.2159e-01   1.5013e-01  -1.5974e-01  -1.1296e-01  -2.7785e-01   2.4640e-01   1.4544e-01  -6.5913e-02  -2.4402e-02  -7.6168e-03   2.0321e-03   4.6359e-04   8.9663e-05   1.4507e-05   1.9342e-06   2.0897e-07   1.7929e-08   1.1901e-09   5.8969e-11   2.0716e-12   4.7712e-14   6.3277e-16   3.7717e-18   5.3841e-21
  -1.3755e-02  -9.4123e-02  -2.7131e-01  -3.4309e-01  -4.4023e-02   2.7289e-01   2.9319e-02  -2.4970e-01   7.8736e-02  -1.8661e-01   1.9419e-01   3.5131e-02   2.1236e-01  -1.4342e-01  -8.0258e-02  -2.1161e-01   1.1551e-01  -1.0116e-01   2.0841e-01  -9.1927e-02   1.2487e-01  -2.0266e-01  -4.5171e-02  -1.6958e-01  -1.6658e-01  -7.1523e-02   1.9840e-01  -2.5348e-02   2.0756e-01  -1.5491e-02   2.3035e-01  -2.8080e-01  -1.9864e-01   1.0305e-01   4.2679e-02   1.4698e-02  -4.2875e-03  -1.0632e-03  -2.2260e-04  -3.8888e-05  -5.5882e-06  -6.4998e-07  -6.0005e-08  -4.2855e-09  -2.2858e-10  -8.6543e-12  -2.1529e-13  -3.0954e-15  -2.0137e-17  -3.1823e-20
  -7.3375e-03  -5.7861e-02  -2.0131e-01  -3.4657e-01  -2.1439e-01   1.6957e-01   2.1926e-01  -1.6093e-01  -1.6078e-01  -2.0834e-01  -4.8479e-02   2.2388e-01   9.7557e-02   1.4657e-01  -2.0211e-01  -1.2940e-02  -1.8715e-01  -1.6279e-01  -5.3551e-02   2.0430e-01   1.0707e-01   1.2307e-01   1.9600e-01  -6.1421e-03   1.9365e-01  -9.7631e-02  -1.6093e-01  -1.1186e-01  -1.7059e-01   1.3897e-01  -1.3129e-01   2.8191e-01   2.5065e-01  -1.5186e-01  -7.1148e-02  -2.7232e-02   8.7320e-03   2.3630e-03   5.3736e-04   1.0163e-04   1.5777e-05   1.9797e-06   1.9699e-07   1.5161e-08   8.7173e-10   3.5618e-11   9.5820e-13   1.4953e-14   1.0628e-16   1.8617e-19
  -3.7354e-03  -3.3539e-02  -1.3756e-01  -3.0080e-01  -3.1762e-01  -1.5465e-02   2.6703e-01   5.8621e-02  -2.4361e-01   6.1814e-03  -2.2857e-01   8.9061e-02  -1.7305e-01   1.8064e-01   5.8486e-02   2.1207e-01  -8.2606e-02   1.5209e-01  -1.8450e-01  -2.5918e-02  -2.0018e-01   1.0103e-01  -1.3984e-01   1.7608e-01  -5.9075e-02   1.9523e-01   2.0667e-02   1.8721e-01   5.3236e-02  -2.0915e-01  -5.4008e-03  -2.3191e-01  -2.8544e-01   2.0833e-01   1.1214e-01   4.8161e-02  -1.7087e-02  -5.0709e-03  -1.2573e-03  -2.5826e-04  -4.3427e-05  -5.8917e-06  -6.3321e-07  -5.2610e-08  -3.2662e-09  -1.4423e-10  -4.2017e-12  -7.1261e-14  -5.5410e-16  -1.0771e-18
  -1.8163e-03  -1.8379e-02  -8.7271e-02  -2.3237e-01  -3.4263e-01  -1.9408e-01   1.5948e-01   2.3444e-01  -1.0531e-01   2.1410e-01  -1.2886e-01  -1.6853e-01  -1.7885e-01  -8.8629e-02   2.1232e-01   1.9561e-02   1.9616e-01   1.2536e-01   1.2363e-01  -1.9108e-01   2.0346e-02  -1.9975e-01  -7.3339e-02  -1.6826e-01  -1.2875e-01  -1.3670e-01   1.3417e-01  -1.4652e-01   9.2758e-02   1.8512e-01   1.4019e-01   1.2439e-01   2.8156e-01  -2.6141e-01  -1.6540e-01  -8.0720e-02   3.1952e-02   1.0462e-02   2.8413e-03   6.3620e-04   1.1624e-04   1.7096e-05   1.9890e-06   1.7876e-07   1.2004e-08   5.7382e-10   1.8129e-11   3.3463e-13   2.8504e-15   6.1579e-18
  -8.4407e-04  -9.5423e-03  -5.1706e-02  -1.6291e-01  -3.0750e-01  -3.0588e-01  -2.9533e-02   2.5201e-01   1.2112e-01   2.0871e-01   1.1945e-01  -2.0574e-01   7.6364e-02  -2.1535e-01  -6.3948e-03  -2.1007e-01   7.5114e-02  -1.7407e-01   1.4629e-01   1.0984e-01   1.8867e-01   3.6431e-02   1.9898e-01  -2.1327e-02   1.9139e-01  -4.0834e-02  -1.8485e-01   4.6480e-03  -1.8228e-01  -6.4607e-02  -2.1550e-01   2.2800e-02  -2.1958e-01   2.9171e-01   2.2501e-01   1.2706e-01  -5.6730e-02  -2.0647e-02  -6.1766e-03  -1.5143e-03  -3.0168e-04  -4.8248e-05  -6.0923e-06  -5.9363e-07  -4.3206e-08  -2.2398e-09  -7.6874e-11  -1.5467e-12  -1.4453e-14  -3.4756e-17
  -3.7518e-04  -4.7020e-03  -2.8735e-02  -1.0491e-01  -2.4145e-01  -3.3528e-01  -2.0567e-01   1.1833e-01   2.5526e-01   1.0997e-02   2.3895e-01   1.0683e-02   2.2585e-01  -1.1816e-02  -2.1437e-01  -5.6729e-02  -1.9340e-01  -1.0789e-01  -1.5788e-01   1.5106e-01  -1.1295e-01   1.7741e-01  -7.2198e-02   1.8628e-01  -5.3606e-02   1.7976e-01   7.8177e-02   1.4079e-01   1.4717e-01  -9.4420e-02   1.8325e-01  -1.6101e-01   9.5854e-02  -2.7474e-01  -2.7643e-01  -1.8556e-01   9.4857e-02   3.8749e-02   1.2857e-02   3.4694e-03   7.5690e-04   1.3208e-04   1.8155e-05   1.9228e-06   1.5203e-07   8.5642e-09   3.1990e-10   7.0274e-12   7.2167e-14   1.9348e-16
  -1.5959e-04  -2.2024e-03  -1.5031e-02  -6.2582e-02  -1.7015e-01  -3.0081e-01  -3.0839e-01  -7.7028e-02   2.1503e-01  -1.9598e-01   1.1962e-01   2.1478e-01   8.0461e-02   2.0890e-01  -7.9170e-02   1.9556e-01  -9.7473e-02   1.7638e-01  -1.2179e-01  -1.5296e-01  -1.4214e-01  -1.3123e-01  -1.5187e-01  -1.2134e-01  -1.4455e-01  -1.3455e-01   1.0121e-01  -1.6734e-01   1.7500e-04   1.8971e-01  -4.5082e-02   2.2311e-01   6.2391e-02   1.9159e-01   2.9596e-01   2.4719e-01  -1.4782e-01  -6.8648e-02  -2.5484e-02  -7.6184e-03  -1.8292e-03  -3.4973e-04  -5.2505e-05  -6.0619e-06  -5.2196e-07  -3.2024e-08  -1.3045e-09  -3.1349e-11  -3.5442e-13  -1.0614e-15
  -6.5011e-05  -9.8195e-04  -7.4212e-03  -3.4790e-02  -1.0929e-01  -2.3401e-01  -3.2659e-01  -2.3863e-01   4.5760e-02  -2.5410e-01  -1.0934e-01   1.8887e-01  -1.6330e-01   1.4308e-01   1.7620e-01   1.2299e-01   1.7404e-01   1.1874e-01   1.6668e-01  -1.2009e-01   1.5970e-01  -1.1817e-01   1.5869e-01  -1.0342e-01   1.6793e-01  -5.9653e-02  -1.7806e-01   3.8696e-02  -1.4737e-01  -1.4120e-01  -1.2289e-01  -1.6124e-01  -1.9299e-01  -4.6369e-02  -2.5680e-01  -2.9248e-01   2.1163e-01   1.1375e-01   4.7786e-02   1.5953e-02   4.2409e-03   8.9264e-04   1.4695e-04   1.8556e-05   1.7451e-06   1.1690e-07   5.2050e-09   1.3712e-10   1.7100e-12   5.7314e-15
  -2.5375e-05  -4.1723e-04  -3.4667e-03  -1.8108e-02  -6.4639e-02  -1.6242e-01  -2.8372e-01  -3.1641e-01  -1.4699e-01  -1.4133e-01  -2.4761e-01  -2.2859e-02  -2.2161e-01  -1.0655e-01   1.7945e-01  -1.4318e-01   1.4718e-01  -1.5874e-01   1.2426e-01   1.6682e-01   1.0351e-01   1.7429e-01   7.5295e-02   1.8296e-01   2.6344e-02   1.8261e-01   5.9017e-02   1.2920e-01   1.5712e-01  -2.6629e-02   1.9894e-01  -4.2694e-03   2.2128e-01  -1.1790e-01   1.4436e-01   2.9298e-01  -2.7257e-01  -1.7416e-01  -8.4070e-02  -3.1662e-02  -9.3892e-03  -2.1881e-03  -3.9682e-04  -5.5014e-05  -5.6688e-06  -4.1582e-07  -2.0287e-08  -5.8721e-10  -8.0952e-12  -3.0434e-14
  -9.4949e-06  -1.6914e-04  -1.5352e-03  -8.8570e-03  -3.5461e-02  -1.0229e-01  -2.1363e-01  -3.1188e-01  -2.7771e-01   5.3614e-02  -2.0304e-01  -2.1418e-01  -4.8445e-02  -2.2900e-01  -5.7720e-02  -1.9701e-01  -1.1860e-01  -1.5677e-01  -1.5352e-01   1.1603e-01  -1.7531e-01   7.0536e-02  -1.8816e-01   1.1055e-02  -1.8407e-01  -7.0834e-02   1.3033e-01  -1.5426e-01  -6.0258e-03   1.6953e-01  -1.0805e-01   1.6664e-01  -1.1211e-01   2.2298e-01   2.2421e-02  -2.2193e-01   3.0498e-01   2.4212e-01   1.3730e-01   5.9127e-02   1.9741e-02   5.1289e-03   1.0302e-03   1.5750e-04   1.7849e-05   1.4382e-06   7.7103e-08   2.4584e-09   3.7554e-11   1.5874e-13
  -3.4080e-06  -6.5478e-05  -6.4561e-04  -4.0834e-03  -1.8144e-02  -5.9118e-02  -1.4337e-01  -2.5587e-01  -3.1765e-01   2.2248e-01  -2.7862e-02  -2.3466e-01   1.7072e-01  -9.9906e-02  -2.2305e-01   2.2605e-02  -2.0314e-01   1.0627e-01  -1.5511e-01  -1.5861e-01  -9.3745e-02  -1.8686e-01  -1.9538e-02  -1.8749e-01   6.8949e-02  -1.3873e-01  -1.5203e-01  -5.8831e-03  -1.5181e-01  -1.3761e-01  -8.3775e-02  -1.9089e-01  -7.7366e-02  -1.9492e-01  -1.7863e-01   7.5572e-02  -2.7645e-01  -2.9756e-01  -2.0513e-01  -1.0292e-01  -3.9155e-02  -1.1439e-02  -2.5613e-03  -4.3405e-04  -5.4328e-05  -4.8259e-06  -2.8520e-07  -1.0045e-08  -1.7048e-10  -8.1230e-13
  -1.1740e-06  -2.4230e-05  -2.5823e-04  -1.7790e-03  -8.6970e-03  -3.1603e-02  -8.7206e-02  -1.8301e-01  -2.8524e-01   3.0521e-01   1.6248e-01  -9.1223e-02   2.4473e-01   1.2903e-01  -1.3288e-01   2.1308e-01   2.6208e-03   2.0288e-01   1.0696e-01  -1.4298e-01   1.7124e-01  -5.5770e-02   1.9202e-01   4.7167e-02   1.5522e-01   1.4301e-01  -3.6906e-02   1.5838e-01   1.2475e-01  -4.9862e-02   1.8903e-01   3.7978e-02   2.0375e-01   3.1132e-02   2.3289e-01   1.0392e-01   1.6528e-01   3.0811e-01   2.7445e-01   1.6493e-01   7.2662e-02   2.4127e-02   6.0703e-03   1.1472e-03   1.5938e-04   1.5672e-05   1.0246e-06   3.9989e-08   7.5620e-10   4.0733e-12
  -3.8831e-07  -8.5780e-06  -9.8372e-05  -7.3403e-04  -3.9187e-03  -1.5721e-02  -4.8618e-02  -1.1698e-01  -2.1731e-01   3.0127e-01   2.8118e-01   1.0652e-01   1.3591e-01   2.4234e-01   9.5793e-02   1.5093e-01   2.0491e-01   2.6977e-03   1.9826e-01   1.1955e-01   1.1886e-01   1.8551e-01   1.4983e-03   1.7772e-01  -1.1789e-01   7.9080e-02   1.7090e-01  -8.8671e-02   6.7138e-02   1.7582e-01  -7.9435e-02   1.5410e-01  -1.4295e-01   1.5754e-01  -1.3021e-01  -2.2712e-01   1.2362e-02  -2.4037e-01  -3.1744e-01  -2.3910e-01  -1.2482e-01  -4.7781e-02  -1.3640e-02  -2.8961e-03  -4.4916e-04  -4.9122e-05  -3.5669e-06  -1.5481e-07  -3.2723e-09  -1.9988e-11
  -1.2340e-07  -2.9077e-06  -3.5735e-05  -2.8736e-04  -1.6648e-03  -7.3114e-03  -2.5045e-02  -6.7858e-02  -1.4563e-01   2.4410e-01   3.0607e-01   2.5227e-01  -5.9856e-02   1.6449e-01   2.3489e-01  -7.3970e-02   1.5750e-01  -2.0114e-01  -5.7281e-03   1.8846e-01  -1.4106e-01   8.0156e-02  -1.9200e-01  -6.4948e-02  -1.3069e-01  -1.6752e-01  -3.2142e-02  -1.1496e-01  -1.6312e-01  -6.6032e-02  -1.2897e-01  -1.7073e-01  -6.4510e-02  -2.0337e-01  -7.4191e-02   2.0293e-01  -1.8371e-01   8.5771e-02   2.9591e-01   3.0527e-01   1.9563e-01   8.8025e-02   2.8873e-02   6.9489e-03   1.2113e-03   1.4815e-04   1.2003e-05   5.8162e-07   1.3791e-08   9.5856e-11
  -3.7691e-08  -9.4440e-07  -1.2392e-05  -1.0692e-04  -6.6845e-04  -3.1912e-03  -1.1994e-02  -3.6105e-02  -8.7648e-02   1.7096e-01   2.6290e-01   3.0299e-01  -2.2399e-01  -2.4799e-02   1.8051e-01  -2.2734e-01  -6.4300e-02  -1.5469e-01  -2.0182e-01  -2.6882e-02  -1.7038e-01  -1.6605e-01  -2.5425e-02  -1.7845e-01   1.3053e-01  -4.5826e-02  -1.6149e-01   1.3217e-01   7.9323e-03  -1.3965e-01   1.6260e-01  -2.6022e-02   1.9861e-01   4.2145e-02   2.1237e-01  -2.4451e-02   2.4102e-01   1.0936e-01  -1.8130e-01  -3.2723e-01  -2.7390e-01  -1.4903e-01  -5.7112e-02  -1.5756e-02  -3.1126e-03  -4.2848e-04  -3.8937e-05  -2.1158e-06  -5.6501e-08  -4.4857e-10
  -1.1071e-08  -2.9413e-07  -4.1071e-06  -3.7865e-05  -2.5424e-04  -1.3114e-03  -5.3656e-03  -1.7756e-02  -4.8017e-02   1.0636e-01   1.9161e-01   2.7452e-01  -2.9559e-01  -2.0015e-01  -1.7436e-03  -1.8710e-01  -2.2232e-01   6.6399e-02  -1.4307e-01  -2.0478e-01   5.9175e-02  -1.3962e-01   1.8590e-01   4.2355e-02   1.3312e-01   1.7133e-01   6.0784e-02   8.0184e-02   1.6038e-01   1.2643e-01   4.2877e-02   1.8725e-01  -8.3925e-02   1.6684e-01  -1.3652e-01  -1.7544e-01  -1.2092e-01  -2.4019e-01  -1.1241e-02   2.6406e-01   3.3102e-01   2.2801e-01   1.0449e-01   3.3526e-02   7.5821e-03   1.1837e-03   1.2139e-04   7.4343e-06   2.2458e-07   2.0450e-09
  -3.1287e-09  -8.7900e-08  -1.3020e-06  -1.2781e-05  -9.1763e-05  -5.0872e-04  -2.2511e-03  -8.1190e-03  -2.4174e-02   5.9781e-02   1.2270e-01   2.0707e-01  -2.8037e-01  -2.8689e-01  -1.8297e-01  -9.8511e-03  -1.8636e-01   2.2046e-01   7.9252e-02  -1.2188e-01   2.0588e-01   9.9381e-02   9.2232e-02   1.8887e-01  -1.1216e-01   5.2036e-02   1.5797e-01  -1.4370e-01  -4.4093e-02   1.0007e-01  -1.8018e-01  -7.0486e-02  -1.4590e-01  -1.6681e-01  -9.3225e-02   2.0076e-01  -1.0263e-01   2.0110e-01   1.9761e-01  -1.0067e-01  -3.2305e-01  -3.0725e-01  -1.7440e-01  -6.6364e-02  -1.7402e-02  -3.1097e-03  -3.6240e-04  -2.5162e-05  -8.6414e-07  -9.0676e-09
  -8.5110e-10  -2.5223e-08  -3.9522e-07  -4.1171e-06  -3.1485e-05  -1.8673e-04  -8.8855e-04  -3.4682e-03  -1.1265e-02   3.0704e-02   7.0460e-02   1.3578e-01  -2.1741e-01  -2.8202e-01  -2.7902e-01   1.7339e-01  -1.0814e-02   1.7916e-01   2.2075e-01   1.0119e-01   8.9770e-02   1.9935e-01  -1.4136e-01   2.7424e-02  -1.6244e-01  -1.6302e-01  -5.0440e-02  -7.7278e-02  -1.5588e-01  -1.4540e-01   8.7669e-03  -1.5962e-01   1.5754e-01  -6.2803e-02   2.0637e-01  -1.5359e-03   2.2571e-01   5.0741e-03  -2.5104e-01  -1.1336e-01   2.1168e-01   3.4890e-01   2.6040e-01   1.2084e-01   3.7353e-02   7.7271e-03   1.0321e-03   8.1784e-05   3.2113e-06   3.9030e-08
  -2.2297e-10  -6.9539e-09  -1.1496e-07  -1.2670e-06  -1.0285e-05  -6.4988e-05  -3.3091e-04  -1.3894e-03  -4.8852e-03   1.4531e-02   3.6776e-02   7.9299e-02  -1.4515e-01  -2.2306e-01  -2.8076e-01   2.7318e-01   1.7146e-01   1.9519e-03   1.6526e-01   2.2079e-01  -1.2950e-01   4.5836e-02  -1.7851e-01  -1.7524e-01   4.8979e-02  -9.8853e-02  -1.6770e-01   1.3541e-01   4.0121e-02  -9.1032e-02   1.7878e-01   1.1270e-01   8.6507e-02   1.9797e-01  -3.5102e-02  -1.9960e-01  -9.9055e-02  -2.0639e-01   1.0357e-01   2.5592e-01  -5.5643e-03  -3.0340e-01  -3.3722e-01  -1.9929e-01  -7.4290e-02  -1.8047e-02  -2.7911e-03  -2.5440e-04  -1.1494e-05  -1.6276e-07
  -5.6279e-11  -1.8432e-09  -3.2069e-08  -3.7293e-07  -3.2030e-06  -2.1484e-05  -1.1655e-04  -5.2367e-04  -1.9807e-03   6.3781e-03   1.7615e-02   4.1887e-02  -8.5779e-02  -1.5066e-01  -2.2453e-01   2.7743e-01   2.6971e-01  -1.7648e-01  -1.5963e-02   1.4366e-01  -2.1700e-01  -1.5993e-01   8.9310e-03  -1.3756e-01   1.8794e-01   1.2162e-01  -3.9840e-03   1.0961e-01   1.6218e-01   1.3909e-01  -1.3698e-02   1.4464e-01  -1.7877e-01  -9.3919e-03  -1.8917e-01   1.2578e-01  -1.5022e-01   1.8276e-01   1.4040e-01  -2.0345e-01  -2.0377e-01   1.4220e-01   3.5779e-01   2.9109e-01   1.3524e-01   3.9313e-02   7.1286e-03   7.5434e-04   3.9513e-05   6.5608e-07
  -1.3692e-11  -4.6996e-10  -8.5862e-09  -1.0508e-07  -9.5219e-07  -6.7570e-06  -3.8907e-05  -1.8622e-04  -7.5357e-04   2.6096e-03   7.7995e-03   2.0229e-02  -4.5651e-02  -8.9614e-02  -1.5239e-01   2.2225e-01   2.7238e-01  -2.6818e-01  -1.8721e-01  -4.1995e-02  -1.1313e-01  -2.0506e-01   1.8635e-01   7.0126e-02   7.4325e-02   1.6627e-01   1.6587e-01  -9.4364e-02   7.3376e-03   1.1955e-01  -1.8026e-01  -1.1231e-01  -6.6861e-02  -1.9582e-01   1.0219e-01   1.3836e-01   1.9316e-01   6.4843e-02  -2.3451e-01  -3.1641e-02   2.6747e-01   9.2511e-02  -2.7016e-01  -3.6291e-01  -2.2155e-01  -7.9091e-02  -1.7085e-02  -2.1226e-03  -1.3002e-04  -2.5503e-06
  -3.2126e-12  -1.1533e-10  -2.2080e-09  -2.8372e-08  -2.7052e-07  -2.0249e-06  -1.2333e-05  -6.2631e-05  -2.6989e-04   9.9946e-04   3.2105e-03   9.0040e-03  -2.2141e-02  -4.7831e-02  -9.0723e-02   1.5052e-01   2.1655e-01  -2.6552e-01  -2.6754e-01  -2.0179e-01   7.4717e-02  -7.2867e-02   1.8060e-01   2.0094e-01  -1.2879e-01  -6.2351e-03   1.0346e-01  -1.5812e-01  -1.5901e-01  -9.7885e-02  -3.0946e-02  -1.6062e-01   1.7679e-01   2.6906e-02   1.6719e-01  -1.7383e-01   5.6198e-02  -2.2393e-01   4.5565e-02   2.3391e-01  -1.0265e-01  -2.6648e-01   6.3114e-02   3.5914e-01   3.1848e-01   1.4507e-01   3.8123e-02   5.6378e-03   4.0797e-04   9.5338e-06
  -7.2720e-13  -2.7258e-11  -5.4576e-10  -7.3469e-09  -7.3531e-08  -5.7897e-07  -3.7182e-06  -1.9965e-05  -9.1237e-05   3.5958e-04   1.2343e-03   3.7170e-03  -9.8724e-03  -2.3204e-02  -4.8335e-02   8.9189e-02   1.4532e-01  -2.0759e-01  -2.5641e-01  -2.6631e-01   2.1783e-01   1.1187e-01   2.3297e-02   1.4034e-01  -1.9532e-01  -1.7149e-01  -8.8945e-02  -9.6395e-03  -9.8920e-02  -1.6735e-01   1.6815e-01   6.6371e-02   9.7522e-02   1.9728e-01  -1.1412e-01  -1.0298e-01  -2.1244e-01   4.5142e-02   2.0493e-01  -1.5994e-01  -1.6462e-01   2.2719e-01   1.8090e-01  -2.2896e-01  -3.8492e-01  -2.3825e-01  -7.8411e-02  -1.4045e-02  -1.2155e-03  -3.4173e-05
  -1.5888e-13  -6.2077e-12  -1.2974e-10  -1.8260e-09  -1.9141e-08  -1.5814e-07  -1.0679e-06  -6.0432e-06  -2.9182e-05   1.2189e-04   4.4489e-04   1.4303e-03  -4.0741e-03  -1.0327e-02  -2.3357e-02   4.7208e-02   8.5229e-02  -1.3711e-01  -1.9549e-01  -2.4445e-01   2.6274e-01   2.3247e-01  -1.5012e-01  -3.3206e-02  -8.3548e-02  -1.6275e-01  -1.8273e-01   1.5036e-01   8.7425e-02  -8.5591e-03   1.2159e-01   1.8941e-01  -1.4546e-01   1.2940e-02  -1.7591e-01   1.7957e-01  -1.4697e-02   2.0842e-01  -1.4835e-01  -1.2655e-01   2.4327e-01   2.7475e-02  -2.9223e-01  -1.5636e-02   3.5763e-01   3.4093e-01   1.4671e-01   3.2566e-02   3.4212e-03   1.1705e-04
  -3.3519e-14  -1.3629e-12  -2.9683e-11  -4.3597e-10  -4.7761e-09  -4.1311e-08  -2.9258e-07  -1.7400e-06  -8.8498e-06   3.9030e-05   1.5084e-04   5.1514e-04  -1.5645e-03  -4.2463e-03  -1.0338e-02   2.2632e-02   4.4609e-02  -7.9168e-02  -1.2629e-01  -1.8040e-01   2.2907e-01   2.5507e-01  -2.4252e-01  -1.8507e-01   9.1805e-02  -1.3587e-02  -1.0164e-01   1.5357e-01   1.7546e-01   1.6060e-01  -8.4149e-02   4.4534e-02  -1.6632e-01  -1.9270e-01   7.3985e-02   1.2021e-01   2.1308e-01  -8.5087e-02  -1.5304e-01   2.2568e-01  -6.2660e-03  -2.5193e-01   1.4487e-01   2.5004e-01  -1.8899e-01  -4.0544e-01  -2.4513e-01  -6.9593e-02  -9.0430e-03  -3.8163e-04
  -6.8311e-15  -2.8864e-13  -6.5400e-12  -1.0006e-10  -1.1434e-09  -1.0332e-08  -7.6565e-08  -4.7728e-07  -2.5494e-06   1.1833e-05   4.8245e-05   1.7427e-04  -5.6150e-04  -1.6224e-03  -4.2219e-03   9.9258e-03   2.1131e-02  -4.0791e-02  -7.1421e-02  -1.1333e-01   1.6258e-01   2.0989e-01  -2.4182e-01  -2.4491e-01   2.1160e-01   1.4519e-01   6.0887e-02   2.0580e-02   9.3525e-02   1.6012e-01  -1.9284e-01  -1.5640e-01   4.0884e-02  -1.1114e-01   2.0432e-01  -1.4931e-01   3.8617e-02  -2.0537e-01   1.7803e-01   4.4471e-02  -2.3985e-01   1.6006e-01   1.5332e-01  -2.8258e-01  -8.3811e-02   3.6137e-01   3.5571e-01   1.3532e-01   2.2285e-02   1.1792e-03
  -1.3454e-15  -5.8991e-14  -1.3884e-12  -2.2092e-11  -2.6287e-10  -2.4764e-09  -1.9161e-08  -1.2490e-07  -6.9882e-07   3.4037e-06   1.4592e-05   5.5544e-05  -1.8906e-04  -5.7871e-04  -1.6004e-03   4.0131e-03   9.1515e-03  -1.9018e-02  -3.6070e-02  -6.2475e-02   9.8803e-02   1.4251e-01  -1.8697e-01  -2.2214e-01   2.3715e-01   2.2453e-01   1.8436e-01  -1.2737e-01  -6.4053e-02   1.6097e-02  -1.0996e-01  -1.8548e-01   1.9856e-01   1.1830e-01   3.7140e-02  -1.8168e-01  -2.0257e-01   5.9608e-02   1.4698e-01  -2.3475e-01   9.9021e-02   1.5838e-01  -2.6737e-01   4.1808e-02   2.9702e-01  -1.6276e-01  -4.2705e-01  -2.3523e-01  -5.0744e-02  -3.4350e-03
  -2.5621e-16  -1.1641e-14  -2.8420e-13  -4.6954e-12  -5.8076e-11  -5.6940e-10  -4.5908e-09  -3.1225e-08  -1.8255e-07   9.3058e-07   4.1825e-06   1.6722e-05  -5.9909e-05  -1.9345e-04  -5.6580e-04   1.5049e-03   3.6516e-03  -8.1055e-03  -1.6492e-02  -3.0802e-02   5.2864e-02   8.3394e-02  -1.2089e-01  -1.6084e-01   1.9597e-01   2.1783e-01   2.1983e-01  -2.0360e-01  -1.8032e-01  -1.3971e-01   6.4134e-02  -4.1175e-02   1.4827e-01   2.0973e-01  -1.7803e-01   4.4732e-02  -1.2695e-01   2.2254e-01  -1.5894e-01  -3.5111e-02   2.1778e-01  -2.2666e-01   1.6496e-02   2.4626e-01  -2.5036e-01  -1.3214e-01   3.8128e-01   3.5598e-01   1.0553e-01   9.3758e-03
  -4.7188e-17  -2.2190e-15  -5.6117e-14  -9.6129e-13  -1.2340e-11  -1.2570e-10  -1.0541e-09  -7.4660e-09  -4.5512e-08   2.4223e-07   1.1384e-06   4.7667e-06  -1.7916e-05  -6.0808e-05  -1.8732e-04   5.2595e-04   1.3507e-03  -3.1822e-03  -6.8942e-03  -1.3762e-02   2.5349e-02   4.3135e-02  -6.7849e-02  -9.8663e-02   1.3256e-01   1.6426e-01   1.8727e-01  -1.9938e-01  -2.1059e-01  -2.1665e-01   1.9580e-01   1.3471e-01  -3.2422e-02   9.1719e-02  -1.9306e-01   2.1494e-01   1.2589e-01   4.1861e-02  -1.9432e-01   2.3025e-01  -1.1096e-01  -1.0112e-01   2.5967e-01  -2.1441e-01  -5.7391e-02   3.2667e-01  -1.6691e-01  -4.4849e-01  -1.9735e-01  -2.3800e-02
  -8.4097e-18  -4.0878e-16  -1.0695e-14  -1.8970e-13  -2.5236e-12  -2.6665e-11  -2.3218e-10  -1.7093e-09  -1.0843e-08   6.0121e-08   2.9473e-07   1.2891e-06  -5.0686e-06  -1.8024e-05  -5.8274e-05   1.7204e-04   4.6549e-04  -1.1580e-03  -2.6554e-03  -5.6256e-03   1.1031e-02   2.0048e-02  -3.3806e-02  -5.2924e-02   7.6907e-02   1.0359e-01   1.2898e-01  -1.5068e-01  -1.7665e-01  -2.0855e-01   2.3162e-01   2.3046e-01  -1.9017e-01  -1.0210e-01  -2.4253e-02   1.5206e-01   2.2465e-01  -1.9625e-01   6.7639e-02   1.0421e-01  -2.3079e-01   2.3481e-01  -9.3130e-02  -1.3286e-01   2.9542e-01  -2.1688e-01  -1.4999e-01   4.2826e-01   3.2448e-01   5.5663e-02
  -1.4507e-18  -7.2813e-17  -1.9684e-15  -3.6103e-14  -4.9705e-13  -5.4398e-12  -4.9103e-11  -3.7511e-10  -2.4714e-09   1.4248e-08   7.2706e-08   3.3140e-07  -1.3595e-06  -5.0510e-06  -1.7085e-05   5.2852e-05   1.5009e-04  -3.9252e-04  -9.4808e-04  -2.1198e-03   4.3964e-03   8.4705e-03  -1.5180e-02  -2.5320e-02   3.9303e-02   5.6679e-02   7.5686e-02  -9.4883e-02  -1.1995e-01  -1.5531e-01   1.9484e-01   2.2970e-01  -2.4688e-01  -2.2950e-01   1.6337e-01  -4.8935e-02   8.8004e-02  -1.9966e-01   2.3801e-01  -1.8062e-01   4.3280e-02   1.2354e-01  -2.4858e-01   2.6128e-01  -1.2253e-01  -1.3314e-01   3.4835e-01  -2.2498e-01  -4.5252e-01  -1.1851e-01
  -2.4235e-19  -1.2546e-17  -3.5005e-16  -6.6307e-15  -9.4352e-14  -1.0680e-12  -9.9797e-12  -7.8981e-11  -5.3956e-10   3.2284e-09   1.7114e-08   8.1115e-08  -3.4639e-07  -1.3412e-06  -4.7334e-06   1.5296e-05   4.5435e-05  -1.2447e-04  -3.1535e-04  -7.4075e-04   1.6165e-03   3.2824e-03  -6.2097e-03  -1.0952e-02   1.8000e-02   2.7513e-02   3.8945e-02  -5.1716e-02  -6.9407e-02  -9.6421e-02   1.3209e-01   1.7413e-01  -2.1687e-01  -2.4894e-01   2.5363e-01  -2.1430e-01  -1.2500e-01  -2.4333e-04   1.2896e-01  -2.2276e-01   2.5128e-01  -2.0076e-01   7.7952e-02   8.7740e-02  -2.4287e-01   3.1170e-01  -2.0867e-01  -1.1499e-01   5.0034e-01   2.2599e-01
  -3.9260e-20  -2.0926e-18  -6.0181e-17  -1.1759e-15  -1.7272e-14  -2.0196e-13  -1.9507e-12  -1.5970e-11  -1.1295e-10   7.0021e-10   3.8489e-09   1.8933e-08  -8.3988e-08  -3.3812e-07  -1.2420e-06   4.1814e-06   1.2954e-05  -3.7051e-05  -9.8125e-05  -2.4121e-04   5.5147e-04   1.1746e-03  -2.3333e-03  -4.3253e-03   7.4775e-03   1.2025e-02   1.7898e-02  -2.4956e-02  -3.5201e-02  -5.1789e-02   7.6046e-02   1.0906e-01  -1.5063e-01  -1.9712e-01   2.3942e-01  -2.6307e-01  -2.5256e-01   1.9937e-01  -1.0773e-01  -6.5982e-03   1.2194e-01  -2.1585e-01   2.6770e-01  -2.6027e-01   1.8197e-01  -3.1464e-02  -1.7194e-01   3.6392e-01  -3.6730e-01  -3.7695e-01
  -6.2048e-21  -3.3869e-19  -1.0013e-17  -2.0151e-16  -3.0512e-15  -3.6807e-14  -3.6701e-13  -3.1039e-12  -2.2693e-11   1.4552e-10   8.2807e-10   4.2199e-09  -1.9408e-08  -8.1071e-08  -3.0924e-07   1.0821e-06   3.4871e-06  -1.0384e-05  -2.8657e-05  -7.3469e-05   1.7533e-04   3.9012e-04  -8.1014e-04  -1.5707e-03   2.8409e-03   4.7786e-03   7.4322e-03  -1.0809e-02  -1.5908e-02  -2.4561e-02   3.8184e-02   5.8572e-02  -8.7579e-02  -1.2597e-01   1.7168e-01  -2.1823e-01  -2.5500e-01   2.7070e-01  -2.5806e-01   2.1597e-01  -1.4814e-01   6.0899e-02   3.8076e-02  -1.3971e-01   2.3258e-01  -3.0101e-01   3.2167e-01  -2.5623e-01   3.2370e-02   5.2950e-01
  -9.8163e-22  -5.3680e-20  -1.6167e-18  -3.3390e-17  -5.2021e-16  -6.4647e-15  -6.6454e-14  -5.7976e-13  -4.3750e-12   2.8977e-11   1.7040e-10   8.9796e-10  -4.2733e-09  -1.8482e-08  -7.3044e-08   2.6499e-07   8.8592e-07  -2.7387e-06  -7.8509e-06  -2.0920e-05   5.1918e-05   1.2018e-04  -2.5974e-04  -5.2415e-04   9.8658e-04   1.7260e-03   2.7885e-03  -4.2046e-03  -6.4139e-03  -1.0308e-02   1.6792e-02   2.7180e-02  -4.3215e-02  -6.6682e-02   9.8544e-02  -1.3769e-01  -1.8015e-01   2.1989e-01  -2.5116e-01   2.7028e-01  -2.7572e-01   2.6702e-01  -2.4387e-01   2.0552e-01  -1.5041e-01   7.5892e-02   2.2378e-02  -1.5181e-01   3.2658e-01  -5.8247e-01
  -1.5552e-22  -8.2058e-21  -2.4826e-19  -5.2319e-18  -8.3579e-17  -1.0671e-15  -1.1277e-14  -1.0120e-13  -7.8591e-13   5.3587e-12   3.2454e-11   1.7621e-10  -8.6428e-10  -3.8543e-09  -1.5711e-08   5.8811e-08   2.0294e-07  -6.4768e-07  -1.9173e-06  -5.2768e-06   1.3527e-05   3.2346e-05  -7.2201e-05  -1.5044e-04   2.9223e-04   5.2715e-04   8.7688e-04  -1.3588e-03  -2.1291e-03  -3.5241e-03   5.9377e-03   9.9829e-03  -1.6557e-02  -2.6770e-02   4.1663e-02  -6.1661e-02  -8.6050e-02   1.1303e-01  -1.4052e-01   1.6709e-01  -1.9218e-01   2.1588e-01  -2.3854e-01   2.6061e-01  -2.8252e-01   3.0471e-01  -3.2768e-01   3.5210e-01  -3.7912e-01   4.1156e-01

